REMARK  Neural network predicted 2D Phi/Psi distribution map for bmr30718_3_6vlj_edit.str.txt

REMARK  Ramachandran map is grouped into 18x18 Phi/Psi boxes
REMARK  Q_k: predicted likelihood of a residue residing in the k-th box

REMARK  Phi/Psi box index matrix
REMARK    PHI:       -180 -160 -140 -120 -100  -80  -60  -40  -20    0   20   40   60   80  100  120  140  160 
REMARK --------------------------------------------------------------------
REMARK    PSI=  160:   17   35   53   71   89  107  125  143  161  179  197  215  233  251  269  287  305  323 
REMARK    PSI=  140:   16   34   52   70   88  106  124  142  160  178  196  214  232  250  268  286  304  322 
REMARK    PSI=  120:   15   33   51   69   87  105  123  141  159  177  195  213  231  249  267  285  303  321 
REMARK    PSI=  100:   14   32   50   68   86  104  122  140  158  176  194  212  230  248  266  284  302  320 
REMARK    PSI=   80:   13   31   49   67   85  103  121  139  157  175  193  211  229  247  265  283  301  319 
REMARK    PSI=   60:   12   30   48   66   84  102  120  138  156  174  192  210  228  246  264  282  300  318 
REMARK    PSI=   40:   11   29   47   65   83  101  119  137  155  173  191  209  227  245  263  281  299  317 
REMARK    PSI=   20:   10   28   46   64   82  100  118  136  154  172  190  208  226  244  262  280  298  316 
REMARK    PSI=    0:    9   27   45   63   81   99  117  135  153  171  189  207  225  243  261  279  297  315 
REMARK    PSI=  -20:    8   26   44   62   80   98  116  134  152  170  188  206  224  242  260  278  296  314 
REMARK    PSI=  -40:    7   25   43   61   79   97  115  133  151  169  187  205  223  241  259  277  295  313 
REMARK    PSI=  -60:    6   24   42   60   78   96  114  132  150  168  186  204  222  240  258  276  294  312 
REMARK    PSI=  -80:    5   23   41   59   77   95  113  131  149  167  185  203  221  239  257  275  293  311 
REMARK    PSI= -100:    4   22   40   58   76   94  112  130  148  166  184  202  220  238  256  274  292  310 
REMARK    PSI= -120:    3   21   39   57   75   93  111  129  147  165  183  201  219  237  255  273  291  309 
REMARK    PSI= -140:    2   20   38   56   74   92  110  128  146  164  182  200  218  236  254  272  290  308 
REMARK    PSI= -160:    1   19   37   55   73   91  109  127  145  163  181  199  217  235  253  271  289  307 
REMARK    PSI= -180:    0   18   36   54   72   90  108  126  144  162  180  198  216  234  252  270  288  306 

VARS RESID RESNAME CS_CNT5 CS_CNT_R2 CLUST_N CLUST_1_PER Q_0 Q_1 Q_2 Q_3 Q_4 Q_5 Q_6 Q_7 Q_8 Q_9 Q_10 Q_11 Q_12 Q_13 Q_14 Q_15 Q_16 Q_17 Q_18 Q_19 Q_20 Q_21 Q_22 Q_23 Q_24 Q_25 Q_26 Q_27 Q_28 Q_29 Q_30 Q_31 Q_32 Q_33 Q_34 Q_35 Q_36 Q_37 Q_38 Q_39 Q_40 Q_41 Q_42 Q_43 Q_44 Q_45 Q_46 Q_47 Q_48 Q_49 Q_50 Q_51 Q_52 Q_53 Q_54 Q_55 Q_56 Q_57 Q_58 Q_59 Q_60 Q_61 Q_62 Q_63 Q_64 Q_65 Q_66 Q_67 Q_68 Q_69 Q_70 Q_71 Q_72 Q_73 Q_74 Q_75 Q_76 Q_77 Q_78 Q_79 Q_80 Q_81 Q_82 Q_83 Q_84 Q_85 Q_86 Q_87 Q_88 Q_89 Q_90 Q_91 Q_92 Q_93 Q_94 Q_95 Q_96 Q_97 Q_98 Q_99 Q_100 Q_101 Q_102 Q_103 Q_104 Q_105 Q_106 Q_107 Q_108 Q_109 Q_110 Q_111 Q_112 Q_113 Q_114 Q_115 Q_116 Q_117 Q_118 Q_119 Q_120 Q_121 Q_122 Q_123 Q_124 Q_125 Q_126 Q_127 Q_128 Q_129 Q_130 Q_131 Q_132 Q_133 Q_134 Q_135 Q_136 Q_137 Q_138 Q_139 Q_140 Q_141 Q_142 Q_143 Q_144 Q_145 Q_146 Q_147 Q_148 Q_149 Q_150 Q_151 Q_152 Q_153 Q_154 Q_155 Q_156 Q_157 Q_158 Q_159 Q_160 Q_161 Q_162 Q_163 Q_164 Q_165 Q_166 Q_167 Q_168 Q_169 Q_170 Q_171 Q_172 Q_173 Q_174 Q_175 Q_176 Q_177 Q_178 Q_179 Q_180 Q_181 Q_182 Q_183 Q_184 Q_185 Q_186 Q_187 Q_188 Q_189 Q_190 Q_191 Q_192 Q_193 Q_194 Q_195 Q_196 Q_197 Q_198 Q_199 Q_200 Q_201 Q_202 Q_203 Q_204 Q_205 Q_206 Q_207 Q_208 Q_209 Q_210 Q_211 Q_212 Q_213 Q_214 Q_215 Q_216 Q_217 Q_218 Q_219 Q_220 Q_221 Q_222 Q_223 Q_224 Q_225 Q_226 Q_227 Q_228 Q_229 Q_230 Q_231 Q_232 Q_233 Q_234 Q_235 Q_236 Q_237 Q_238 Q_239 Q_240 Q_241 Q_242 Q_243 Q_244 Q_245 Q_246 Q_247 Q_248 Q_249 Q_250 Q_251 Q_252 Q_253 Q_254 Q_255 Q_256 Q_257 Q_258 Q_259 Q_260 Q_261 Q_262 Q_263 Q_264 Q_265 Q_266 Q_267 Q_268 Q_269 Q_270 Q_271 Q_272 Q_273 Q_274 Q_275 Q_276 Q_277 Q_278 Q_279 Q_280 Q_281 Q_282 Q_283 Q_284 Q_285 Q_286 Q_287 Q_288 Q_289 Q_290 Q_291 Q_292 Q_293 Q_294 Q_295 Q_296 Q_297 Q_298 Q_299 Q_300 Q_301 Q_302 Q_303 Q_304 Q_305 Q_306 Q_307 Q_308 Q_309 Q_310 Q_311 Q_312 Q_313 Q_314 Q_315 Q_316 Q_317 Q_318 Q_319 Q_320 Q_321 Q_322 Q_323 
FORMAT %4d %1s %2d %2d  %2d  %5.2f   %5.3f %5.3f %5.3f %5.3f %5.3f %5.3f %5.3f %5.3f %5.3f %5.3f %5.3f %5.3f %5.3f %5.3f %5.3f %5.3f %5.3f %5.3f %5.3f %5.3f %5.3f %5.3f %5.3f %5.3f %5.3f %5.3f %5.3f %5.3f %5.3f %5.3f %5.3f %5.3f %5.3f %5.3f %5.3f %5.3f %5.3f %5.3f %5.3f %5.3f %5.3f %5.3f %5.3f %5.3f %5.3f %5.3f %5.3f %5.3f %5.3f %5.3f %5.3f %5.3f %5.3f %5.3f %5.3f %5.3f %5.3f %5.3f %5.3f %5.3f %5.3f %5.3f %5.3f %5.3f %5.3f %5.3f %5.3f %5.3f %5.3f %5.3f %5.3f %5.3f %5.3f %5.3f %5.3f %5.3f %5.3f %5.3f %5.3f %5.3f %5.3f %5.3f %5.3f %5.3f %5.3f %5.3f %5.3f %5.3f %5.3f %5.3f %5.3f %5.3f %5.3f %5.3f %5.3f %5.3f %5.3f %5.3f %5.3f %5.3f %5.3f %5.3f %5.3f %5.3f %5.3f %5.3f %5.3f %5.3f %5.3f %5.3f %5.3f %5.3f %5.3f %5.3f %5.3f %5.3f %5.3f %5.3f %5.3f %5.3f %5.3f %5.3f %5.3f %5.3f %5.3f %5.3f %5.3f %5.3f %5.3f %5.3f %5.3f %5.3f %5.3f %5.3f %5.3f %5.3f %5.3f %5.3f %5.3f %5.3f %5.3f %5.3f %5.3f %5.3f %5.3f %5.3f %5.3f %5.3f %5.3f %5.3f %5.3f %5.3f %5.3f %5.3f %5.3f %5.3f %5.3f %5.3f %5.3f %5.3f %5.3f %5.3f %5.3f %5.3f %5.3f %5.3f %5.3f %5.3f %5.3f %5.3f %5.3f %5.3f %5.3f %5.3f %5.3f %5.3f %5.3f %5.3f %5.3f %5.3f %5.3f %5.3f %5.3f %5.3f %5.3f %5.3f %5.3f %5.3f %5.3f %5.3f %5.3f %5.3f %5.3f %5.3f %5.3f %5.3f %5.3f %5.3f %5.3f %5.3f %5.3f %5.3f %5.3f %5.3f %5.3f %5.3f %5.3f %5.3f %5.3f %5.3f %5.3f %5.3f %5.3f %5.3f %5.3f %5.3f %5.3f %5.3f %5.3f %5.3f %5.3f %5.3f %5.3f %5.3f %5.3f %5.3f %5.3f %5.3f %5.3f %5.3f %5.3f %5.3f %5.3f %5.3f %5.3f %5.3f %5.3f %5.3f %5.3f %5.3f %5.3f %5.3f %5.3f %5.3f %5.3f %5.3f %5.3f %5.3f %5.3f %5.3f %5.3f %5.3f %5.3f %5.3f %5.3f %5.3f %5.3f %5.3f %5.3f %5.3f %5.3f %5.3f %5.3f %5.3f %5.3f %5.3f %5.3f %5.3f %5.3f %5.3f %5.3f %5.3f %5.3f %5.3f %5.3f %5.3f %5.3f %5.3f %5.3f %5.3f %5.3f %5.3f %5.3f %5.3f %5.3f %5.3f %5.3f %5.3f %5.3f %5.3f %5.3f %5.3f %5.3f %5.3f %5.3f %5.3f %5.3f %5.3f %5.3f %5.3f %5.3f %5.3f %5.3f %5.3f %5.3f %5.3f %5.3f %5.3f %5.3f %5.3f %5.3f %5.3f %5.3f %5.3f %5.3f %5.3f %5.3f %5.3f %5.3f %5.3f %5.3f %5.3f %5.3f %5.3f 

    2 A 17  5   2 0.586   0.019 0.003 0.001 0.002 0.000 0.001 0.000 0.000 0.001 0.002 0.002 0.000 0.001 0.001 0.010 0.015 0.032 0.037 0.039 0.008 0.004 0.001 0.002 0.001 0.005 0.006 0.007 0.008 0.010 0.005 0.009 0.009 0.027 0.019 0.063 0.069 0.040 0.016 0.003 0.002 0.003 0.006 0.013 0.024 0.048 0.043 0.034 0.023 0.017 0.012 0.023 0.067 0.102 0.080 0.035 0.009 0.005 0.002 0.003 0.012 0.031 0.060 0.117 0.105 0.074 0.031 0.014 0.015 0.029 0.085 0.113 0.097 0.048 0.017 0.004 0.004 0.008 0.011 0.075 0.104 0.179 0.151 0.078 0.036 0.012 0.017 0.050 0.104 0.161 0.134 0.074 0.017 0.002 0.002 0.004 0.018 0.047 0.126 0.111 0.117 0.052 0.021 0.012 0.025 0.068 0.184 0.253 0.161 0.047 0.007 0.002 0.001 0.000 0.002 0.031 0.062 0.049 0.045 0.021 0.008 0.002 0.013 0.059 0.155 0.188 0.123 0.013 0.004 0.002 0.000 0.000 0.012 0.005 0.013 0.024 0.016 0.001 0.000 0.001 0.004 0.024 0.059 0.076 0.048 0.004 0.002 0.000 0.000 0.000 0.001 0.005 0.000 0.006 0.001 0.000 0.000 0.000 0.000 0.006 0.010 0.012 0.007 0.000 0.003 0.001 0.000 0.001 0.000 0.000 0.000 0.001 0.001 0.000 0.001 0.000 0.001 0.001 0.002 0.002 0.000 0.002 0.006 0.009 0.006 0.005 0.001 0.000 0.000 0.002 0.000 0.004 0.000 0.003 0.001 0.000 0.000 0.000 0.001 0.008 0.023 0.030 0.025 0.010 0.001 0.001 0.000 0.000 0.004 0.007 0.006 0.003 0.003 0.000 0.000 0.003 0.001 0.016 0.034 0.044 0.032 0.013 0.004 0.002 0.000 0.007 0.002 0.004 0.007 0.005 0.004 0.001 0.000 0.001 0.006 0.012 0.024 0.027 0.018 0.011 0.003 0.002 0.002 0.000 0.000 0.006 0.007 0.002 0.002 0.001 0.001 0.001 0.007 0.007 0.010 0.011 0.011 0.006 0.001 0.002 0.000 0.000 0.000 0.000 0.003 0.001 0.000 0.000 0.000 0.002 0.006 0.007 0.006 0.003 0.001 0.001 0.000 0.000 0.000 0.000 0.000 0.000 0.000 0.001 0.000 0.000 0.000 0.003 0.002 0.004 0.000 0.001 0.000 0.000 0.000 0.000 0.000 0.000 0.001 0.000 0.000 0.002 0.000 0.000 0.003 0.005 0.003 0.001 0.004 0.000 0.002 0.001 0.001 0.000 0.000 0.000 0.001 0.000 0.000 0.000 0.001 0.001 0.009 0.010 0.008 
    3 C 21  5   2 0.565   0.010 0.005 0.000 0.002 0.002 0.001 0.000 0.002 0.000 0.003 0.000 0.000 0.001 0.006 0.000 0.000 0.014 0.034 0.015 0.009 0.000 0.002 0.000 0.000 0.001 0.000 0.000 0.000 0.000 0.006 0.009 0.022 0.000 0.000 0.000 0.026 0.014 0.009 0.003 0.000 0.004 0.001 0.007 0.000 0.000 0.000 0.000 0.004 0.025 0.035 0.006 0.000 0.000 0.030 0.031 0.012 0.000 0.000 0.000 0.023 0.030 0.032 0.000 0.000 0.000 0.016 0.045 0.087 0.102 0.105 0.016 0.000 0.012 0.012 0.001 0.001 0.011 0.030 0.062 0.150 0.095 0.046 0.000 0.010 0.066 0.152 0.267 0.255 0.118 0.066 0.032 0.011 0.001 0.000 0.006 0.089 0.148 0.283 0.204 0.050 0.021 0.020 0.044 0.150 0.287 0.367 0.264 0.090 0.011 0.004 0.003 0.003 0.006 0.036 0.156 0.227 0.159 0.052 0.008 0.004 0.013 0.060 0.139 0.239 0.193 0.069 0.000 0.003 0.003 0.000 0.003 0.027 0.063 0.090 0.045 0.017 0.000 0.001 0.004 0.016 0.054 0.069 0.060 0.030 0.000 0.000 0.000 0.000 0.001 0.005 0.001 0.011 0.002 0.002 0.000 0.000 0.000 0.003 0.009 0.014 0.010 0.003 0.000 0.000 0.000 0.000 0.000 0.000 0.002 0.002 0.001 0.000 0.002 0.001 0.003 0.000 0.002 0.000 0.000 0.000 0.000 0.002 0.002 0.003 0.001 0.001 0.000 0.000 0.002 0.002 0.007 0.019 0.012 0.005 0.000 0.001 0.000 0.000 0.001 0.000 0.002 0.000 0.000 0.002 0.000 0.000 0.000 0.013 0.021 0.026 0.018 0.004 0.000 0.002 0.001 0.000 0.006 0.000 0.000 0.002 0.001 0.002 0.000 0.000 0.007 0.000 0.021 0.034 0.010 0.005 0.003 0.002 0.000 0.000 0.000 0.000 0.001 0.001 0.002 0.000 0.000 0.000 0.004 0.000 0.011 0.007 0.007 0.002 0.000 0.002 0.000 0.001 0.000 0.000 0.001 0.000 0.002 0.000 0.000 0.000 0.000 0.000 0.004 0.004 0.001 0.001 0.000 0.000 0.000 0.000 0.000 0.003 0.000 0.000 0.000 0.000 0.000 0.000 0.000 0.000 0.000 0.000 0.003 0.000 0.002 0.000 0.002 0.000 0.001 0.003 0.000 0.000 0.005 0.000 0.002 0.000 0.002 0.002 0.000 0.002 0.000 0.001 0.000 0.000 0.000 0.000 0.000 0.003 0.001 0.006 0.004 0.004 0.000 0.003 0.002 0.001 0.000 0.000 0.001 0.003 0.004 0.005 0.004 0.017 
    4 H 21  4   1 1.000   0.006 0.004 0.000 0.001 0.000 0.000 0.000 0.003 0.005 0.009 0.003 0.007 0.000 0.005 0.000 0.017 0.006 0.000 0.000 0.005 0.000 0.000 0.000 0.001 0.003 0.010 0.024 0.029 0.027 0.014 0.008 0.000 0.000 0.023 0.004 0.012 0.007 0.005 0.000 0.000 0.000 0.007 0.015 0.045 0.062 0.089 0.053 0.030 0.014 0.015 0.022 0.017 0.000 0.027 0.024 0.010 0.000 0.000 0.010 0.030 0.074 0.144 0.149 0.151 0.109 0.047 0.022 0.032 0.030 0.025 0.013 0.011 0.027 0.005 0.001 0.004 0.006 0.077 0.155 0.267 0.280 0.184 0.088 0.033 0.008 0.023 0.067 0.047 0.046 0.059 0.029 0.006 0.003 0.001 0.003 0.094 0.248 0.370 0.275 0.175 0.038 0.007 0.008 0.008 0.057 0.070 0.102 0.050 0.005 0.004 0.000 0.000 0.024 0.084 0.212 0.284 0.178 0.066 0.012 0.004 0.001 0.005 0.011 0.040 0.043 0.024 0.003 0.002 0.004 0.002 0.013 0.033 0.088 0.104 0.079 0.019 0.001 0.001 0.000 0.000 0.013 0.008 0.015 0.007 0.000 0.002 0.000 0.001 0.006 0.012 0.013 0.018 0.014 0.005 0.000 0.000 0.001 0.001 0.002 0.002 0.002 0.000 0.000 0.001 0.000 0.000 0.000 0.001 0.001 0.001 0.003 0.001 0.003 0.004 0.001 0.000 0.000 0.000 0.000 0.000 0.000 0.002 0.003 0.002 0.002 0.000 0.000 0.003 0.004 0.010 0.014 0.020 0.010 0.004 0.000 0.000 0.002 0.000 0.001 0.002 0.002 0.000 0.000 0.002 0.002 0.000 0.008 0.025 0.027 0.026 0.020 0.002 0.002 0.000 0.000 0.000 0.002 0.000 0.000 0.003 0.002 0.004 0.002 0.000 0.010 0.016 0.030 0.030 0.010 0.004 0.002 0.001 0.000 0.000 0.000 0.000 0.001 0.000 0.000 0.002 0.000 0.005 0.005 0.001 0.002 0.003 0.005 0.002 0.000 0.001 0.000 0.002 0.001 0.000 0.000 0.000 0.000 0.000 0.000 0.001 0.000 0.004 0.005 0.003 0.004 0.003 0.000 0.002 0.000 0.004 0.000 0.000 0.001 0.004 0.003 0.000 0.000 0.000 0.004 0.003 0.005 0.002 0.000 0.000 0.001 0.000 0.000 0.000 0.001 0.004 0.000 0.001 0.004 0.001 0.000 0.002 0.003 0.000 0.000 0.000 0.000 0.000 0.000 0.001 0.000 0.005 0.003 0.004 0.001 0.002 0.003 0.000 0.000 0.002 0.001 0.001 0.000 0.000 0.001 0.001 0.002 0.000 0.002 0.004 
    5 N 21  4   2 0.665   0.023 0.000 0.000 0.000 0.003 0.000 0.000 0.004 0.001 0.006 0.000 0.000 0.006 0.007 0.006 0.022 0.065 0.032 0.037 0.012 0.000 0.000 0.000 0.000 0.002 0.012 0.038 0.019 0.019 0.000 0.016 0.013 0.023 0.018 0.101 0.100 0.041 0.004 0.000 0.000 0.000 0.004 0.032 0.077 0.091 0.078 0.037 0.023 0.001 0.022 0.049 0.016 0.053 0.088 0.034 0.000 0.000 0.000 0.000 0.008 0.050 0.148 0.183 0.147 0.069 0.008 0.000 0.013 0.073 0.000 0.013 0.044 0.008 0.000 0.000 0.000 0.000 0.048 0.093 0.264 0.296 0.191 0.061 0.000 0.003 0.042 0.066 0.077 0.090 0.022 0.019 0.006 0.000 0.000 0.003 0.021 0.129 0.264 0.282 0.179 0.056 0.000 0.013 0.018 0.018 0.109 0.149 0.043 0.017 0.001 0.000 0.000 0.000 0.053 0.036 0.196 0.177 0.085 0.011 0.004 0.006 0.006 0.005 0.026 0.044 0.008 0.003 0.002 0.003 0.004 0.000 0.029 0.048 0.101 0.062 0.025 0.005 0.002 0.003 0.003 0.000 0.000 0.016 0.007 0.004 0.006 0.003 0.003 0.002 0.008 0.000 0.000 0.005 0.004 0.004 0.003 0.000 0.000 0.002 0.005 0.005 0.000 0.000 0.000 0.002 0.000 0.000 0.002 0.001 0.000 0.004 0.005 0.012 0.008 0.009 0.001 0.000 0.000 0.000 0.001 0.004 0.007 0.001 0.000 0.000 0.000 0.000 0.000 0.008 0.024 0.048 0.046 0.026 0.010 0.000 0.000 0.005 0.000 0.007 0.000 0.000 0.000 0.000 0.001 0.000 0.005 0.014 0.062 0.110 0.095 0.046 0.014 0.005 0.002 0.005 0.001 0.007 0.000 0.000 0.000 0.005 0.000 0.000 0.001 0.016 0.036 0.085 0.091 0.031 0.009 0.002 0.002 0.000 0.002 0.000 0.000 0.000 0.000 0.000 0.000 0.000 0.000 0.000 0.011 0.020 0.014 0.000 0.004 0.002 0.000 0.000 0.002 0.000 0.000 0.000 0.000 0.001 0.001 0.004 0.003 0.000 0.000 0.000 0.000 0.000 0.000 0.001 0.002 0.000 0.000 0.000 0.000 0.002 0.001 0.001 0.002 0.004 0.002 0.004 0.000 0.000 0.000 0.000 0.000 0.000 0.004 0.000 0.000 0.001 0.000 0.000 0.001 0.002 0.004 0.005 0.007 0.006 0.003 0.000 0.000 0.000 0.003 0.000 0.000 0.000 0.000 0.002 0.006 0.004 0.007 0.000 0.002 0.000 0.002 0.000 0.002 0.000 0.000 0.001 0.003 0.000 0.002 0.016 0.005 
    6 H 18  3   2 0.681   0.019 0.007 0.001 0.003 0.000 0.001 0.000 0.004 0.002 0.007 0.006 0.008 0.007 0.015 0.000 0.012 0.036 0.034 0.028 0.007 0.000 0.000 0.000 0.002 0.008 0.014 0.031 0.035 0.039 0.037 0.029 0.042 0.022 0.007 0.035 0.036 0.024 0.010 0.000 0.000 0.000 0.005 0.018 0.065 0.102 0.132 0.104 0.069 0.060 0.077 0.008 0.041 0.042 0.043 0.034 0.009 0.000 0.002 0.003 0.032 0.050 0.152 0.229 0.218 0.123 0.076 0.044 0.062 0.053 0.093 0.093 0.072 0.051 0.013 0.002 0.001 0.012 0.031 0.107 0.228 0.263 0.216 0.118 0.043 0.020 0.020 0.012 0.058 0.122 0.123 0.028 0.014 0.003 0.009 0.018 0.059 0.205 0.213 0.241 0.145 0.053 0.014 0.009 0.007 0.000 0.079 0.103 0.075 0.014 0.004 0.003 0.001 0.010 0.045 0.066 0.132 0.081 0.046 0.006 0.004 0.004 0.000 0.000 0.028 0.061 0.047 0.005 0.000 0.000 0.004 0.008 0.020 0.035 0.029 0.021 0.011 0.002 0.001 0.002 0.001 0.000 0.000 0.004 0.005 0.000 0.000 0.003 0.002 0.002 0.008 0.013 0.007 0.005 0.003 0.000 0.000 0.004 0.002 0.000 0.001 0.003 0.000 0.000 0.000 0.000 0.000 0.001 0.001 0.002 0.003 0.001 0.000 0.001 0.000 0.002 0.000 0.001 0.000 0.000 0.002 0.002 0.001 0.001 0.003 0.000 0.000 0.000 0.002 0.002 0.011 0.007 0.012 0.003 0.003 0.000 0.000 0.000 0.000 0.003 0.000 0.003 0.000 0.003 0.000 0.000 0.004 0.008 0.016 0.019 0.032 0.009 0.007 0.002 0.001 0.000 0.001 0.006 0.011 0.000 0.000 0.000 0.000 0.000 0.012 0.023 0.022 0.030 0.026 0.011 0.000 0.001 0.003 0.000 0.002 0.001 0.000 0.001 0.003 0.000 0.001 0.000 0.009 0.012 0.026 0.014 0.012 0.000 0.001 0.001 0.003 0.000 0.000 0.000 0.000 0.000 0.000 0.001 0.000 0.000 0.000 0.002 0.003 0.005 0.000 0.002 0.001 0.002 0.001 0.000 0.000 0.000 0.000 0.000 0.000 0.000 0.001 0.000 0.000 0.000 0.000 0.000 0.000 0.000 0.003 0.001 0.000 0.000 0.000 0.000 0.000 0.001 0.002 0.001 0.000 0.001 0.000 0.002 0.000 0.000 0.000 0.001 0.000 0.000 0.001 0.001 0.006 0.000 0.002 0.000 0.003 0.000 0.000 0.002 0.000 0.001 0.000 0.000 0.001 0.002 0.000 0.000 0.000 0.008 0.006 
    7 A 17  5   1 1.000   0.024 0.010 0.001 0.000 0.000 0.001 0.000 0.000 0.000 0.003 0.000 0.003 0.002 0.006 0.003 0.005 0.044 0.031 0.021 0.004 0.000 0.000 0.000 0.000 0.000 0.002 0.000 0.000 0.000 0.004 0.000 0.000 0.000 0.000 0.039 0.044 0.013 0.012 0.002 0.001 0.000 0.000 0.000 0.000 0.000 0.000 0.000 0.002 0.021 0.020 0.000 0.018 0.000 0.059 0.030 0.010 0.001 0.000 0.000 0.006 0.010 0.000 0.000 0.000 0.000 0.001 0.019 0.027 0.029 0.057 0.096 0.078 0.053 0.009 0.000 0.000 0.000 0.000 0.003 0.060 0.020 0.000 0.000 0.000 0.025 0.080 0.177 0.313 0.288 0.176 0.059 0.009 0.002 0.001 0.002 0.024 0.118 0.145 0.037 0.006 0.002 0.009 0.012 0.098 0.283 0.530 0.485 0.243 0.032 0.003 0.000 0.001 0.015 0.035 0.122 0.170 0.074 0.005 0.001 0.002 0.010 0.067 0.206 0.415 0.373 0.167 0.010 0.001 0.001 0.002 0.013 0.031 0.076 0.077 0.036 0.011 0.000 0.000 0.004 0.018 0.072 0.134 0.120 0.055 0.001 0.000 0.000 0.001 0.001 0.010 0.010 0.015 0.004 0.001 0.000 0.000 0.000 0.003 0.009 0.019 0.017 0.007 0.000 0.000 0.001 0.002 0.001 0.003 0.001 0.004 0.001 0.001 0.001 0.000 0.004 0.001 0.002 0.002 0.001 0.000 0.000 0.001 0.002 0.002 0.003 0.001 0.001 0.002 0.000 0.000 0.000 0.007 0.006 0.005 0.000 0.003 0.002 0.000 0.000 0.000 0.000 0.002 0.004 0.002 0.000 0.001 0.000 0.002 0.011 0.016 0.009 0.006 0.004 0.001 0.001 0.001 0.002 0.000 0.000 0.004 0.001 0.002 0.002 0.000 0.003 0.001 0.000 0.008 0.002 0.006 0.004 0.002 0.000 0.000 0.000 0.002 0.000 0.002 0.001 0.002 0.000 0.000 0.010 0.003 0.006 0.000 0.002 0.000 0.000 0.003 0.002 0.001 0.001 0.000 0.001 0.000 0.000 0.004 0.000 0.000 0.001 0.000 0.001 0.005 0.004 0.003 0.002 0.000 0.000 0.002 0.001 0.000 0.000 0.000 0.003 0.000 0.000 0.000 0.000 0.000 0.002 0.002 0.003 0.000 0.000 0.000 0.000 0.000 0.002 0.000 0.000 0.000 0.001 0.001 0.000 0.000 0.002 0.001 0.000 0.001 0.000 0.000 0.000 0.003 0.005 0.000 0.010 0.000 0.000 0.001 0.001 0.004 0.000 0.000 0.001 0.000 0.002 0.000 0.000 0.002 0.005 0.007 0.010 0.016 
    8 P 18  2   2 0.528   0.006 0.001 0.000 0.002 0.000 0.001 0.000 0.000 0.003 0.003 0.000 0.003 0.003 0.004 0.002 0.000 0.000 0.000 0.006 0.002 0.001 0.001 0.000 0.003 0.004 0.003 0.009 0.010 0.009 0.004 0.006 0.008 0.002 0.000 0.000 0.000 0.018 0.002 0.000 0.000 0.000 0.007 0.018 0.023 0.036 0.028 0.012 0.012 0.008 0.014 0.000 0.000 0.008 0.021 0.031 0.013 0.002 0.000 0.003 0.023 0.070 0.098 0.103 0.074 0.038 0.014 0.004 0.011 0.000 0.008 0.027 0.049 0.061 0.015 0.000 0.000 0.002 0.015 0.119 0.235 0.246 0.135 0.051 0.007 0.009 0.015 0.050 0.105 0.160 0.140 0.068 0.016 0.001 0.000 0.000 0.060 0.181 0.331 0.286 0.147 0.035 0.013 0.008 0.022 0.078 0.226 0.296 0.190 0.041 0.007 0.001 0.000 0.015 0.038 0.104 0.246 0.191 0.078 0.020 0.003 0.005 0.019 0.080 0.184 0.218 0.132 0.012 0.003 0.003 0.002 0.003 0.006 0.049 0.093 0.063 0.024 0.006 0.002 0.001 0.005 0.029 0.063 0.075 0.041 0.004 0.000 0.000 0.000 0.001 0.005 0.006 0.015 0.010 0.003 0.000 0.001 0.003 0.000 0.004 0.011 0.013 0.005 0.000 0.000 0.001 0.001 0.000 0.001 0.002 0.001 0.001 0.001 0.002 0.001 0.001 0.001 0.002 0.000 0.000 0.002 0.000 0.001 0.001 0.000 0.001 0.000 0.000 0.001 0.002 0.003 0.003 0.005 0.008 0.004 0.000 0.000 0.001 0.000 0.000 0.001 0.002 0.002 0.000 0.002 0.001 0.004 0.003 0.010 0.014 0.008 0.010 0.002 0.002 0.001 0.001 0.001 0.003 0.000 0.000 0.002 0.001 0.002 0.003 0.005 0.011 0.012 0.005 0.008 0.000 0.002 0.003 0.001 0.000 0.000 0.001 0.000 0.003 0.001 0.001 0.000 0.002 0.003 0.016 0.008 0.000 0.002 0.001 0.001 0.000 0.000 0.000 0.000 0.000 0.001 0.000 0.001 0.000 0.000 0.000 0.000 0.000 0.002 0.000 0.000 0.001 0.000 0.000 0.000 0.000 0.000 0.001 0.001 0.000 0.001 0.000 0.000 0.000 0.000 0.000 0.000 0.003 0.000 0.000 0.000 0.000 0.000 0.000 0.000 0.000 0.001 0.000 0.000 0.000 0.001 0.001 0.000 0.000 0.001 0.000 0.000 0.001 0.000 0.001 0.001 0.000 0.000 0.000 0.000 0.000 0.000 0.000 0.001 0.000 0.000 0.002 0.002 0.003 0.000 0.001 0.001 0.000 0.000 0.000 0.000 
    9 C 18  3   2 0.665   0.020 0.004 0.003 0.004 0.000 0.001 0.000 0.002 0.003 0.004 0.002 0.003 0.004 0.008 0.017 0.023 0.032 0.020 0.028 0.009 0.002 0.002 0.000 0.001 0.001 0.000 0.020 0.019 0.011 0.008 0.008 0.018 0.040 0.028 0.065 0.042 0.049 0.012 0.005 0.002 0.004 0.007 0.005 0.033 0.043 0.039 0.018 0.005 0.015 0.030 0.059 0.066 0.103 0.095 0.042 0.015 0.004 0.002 0.003 0.014 0.058 0.105 0.130 0.082 0.035 0.019 0.017 0.046 0.075 0.090 0.086 0.070 0.039 0.020 0.007 0.004 0.003 0.020 0.096 0.246 0.251 0.127 0.052 0.005 0.015 0.034 0.093 0.103 0.117 0.101 0.040 0.010 0.003 0.000 0.004 0.047 0.132 0.252 0.303 0.131 0.035 0.010 0.008 0.024 0.067 0.100 0.152 0.057 0.016 0.005 0.002 0.000 0.007 0.059 0.089 0.205 0.166 0.075 0.010 0.000 0.005 0.011 0.033 0.079 0.089 0.061 0.004 0.000 0.000 0.002 0.000 0.012 0.019 0.067 0.059 0.018 0.005 0.001 0.000 0.005 0.008 0.026 0.042 0.018 0.000 0.000 0.001 0.000 0.002 0.000 0.000 0.005 0.005 0.004 0.000 0.000 0.000 0.000 0.004 0.004 0.002 0.002 0.000 0.001 0.000 0.000 0.000 0.000 0.001 0.000 0.001 0.001 0.000 0.000 0.005 0.001 0.001 0.000 0.000 0.001 0.001 0.001 0.000 0.002 0.000 0.001 0.001 0.000 0.001 0.003 0.004 0.012 0.009 0.004 0.000 0.001 0.000 0.000 0.000 0.002 0.006 0.004 0.002 0.002 0.002 0.003 0.006 0.018 0.016 0.013 0.017 0.005 0.002 0.001 0.002 0.001 0.000 0.007 0.004 0.006 0.001 0.002 0.002 0.003 0.012 0.005 0.017 0.024 0.011 0.001 0.001 0.002 0.001 0.002 0.003 0.000 0.005 0.002 0.000 0.001 0.000 0.000 0.008 0.002 0.010 0.011 0.004 0.002 0.000 0.001 0.000 0.000 0.002 0.003 0.000 0.002 0.001 0.000 0.000 0.005 0.004 0.005 0.000 0.000 0.000 0.000 0.000 0.000 0.000 0.000 0.000 0.001 0.000 0.001 0.000 0.000 0.001 0.002 0.004 0.000 0.000 0.000 0.001 0.000 0.000 0.000 0.000 0.000 0.000 0.000 0.001 0.000 0.001 0.000 0.000 0.001 0.000 0.001 0.001 0.000 0.002 0.000 0.001 0.002 0.000 0.002 0.006 0.004 0.000 0.000 0.000 0.000 0.000 0.001 0.001 0.003 0.000 0.001 0.002 0.001 0.003 0.007 0.007 0.003 
   10 M 16  5   2 0.721   0.009 0.008 0.001 0.002 0.001 0.003 0.001 0.002 0.003 0.002 0.002 0.001 0.009 0.002 0.001 0.003 0.002 0.000 0.003 0.003 0.000 0.003 0.001 0.001 0.004 0.003 0.000 0.005 0.006 0.009 0.013 0.013 0.011 0.000 0.024 0.019 0.020 0.006 0.002 0.000 0.001 0.003 0.009 0.022 0.029 0.021 0.008 0.014 0.028 0.030 0.023 0.050 0.072 0.070 0.033 0.008 0.000 0.000 0.003 0.017 0.048 0.082 0.094 0.075 0.016 0.020 0.024 0.054 0.057 0.120 0.130 0.110 0.066 0.012 0.000 0.000 0.001 0.023 0.075 0.151 0.154 0.126 0.048 0.012 0.022 0.032 0.112 0.246 0.290 0.193 0.071 0.008 0.000 0.002 0.007 0.032 0.102 0.144 0.138 0.086 0.032 0.018 0.007 0.038 0.135 0.353 0.396 0.238 0.037 0.005 0.000 0.000 0.016 0.025 0.049 0.049 0.039 0.019 0.004 0.001 0.004 0.017 0.089 0.278 0.274 0.158 0.012 0.001 0.000 0.001 0.010 0.015 0.011 0.017 0.001 0.011 0.002 0.000 0.002 0.008 0.029 0.080 0.093 0.043 0.000 0.000 0.002 0.000 0.002 0.000 0.000 0.000 0.000 0.001 0.000 0.000 0.002 0.000 0.007 0.014 0.015 0.003 0.000 0.000 0.000 0.000 0.000 0.001 0.000 0.001 0.000 0.002 0.002 0.000 0.004 0.001 0.001 0.000 0.000 0.003 0.000 0.003 0.002 0.003 0.000 0.000 0.000 0.000 0.000 0.004 0.000 0.012 0.008 0.006 0.000 0.001 0.001 0.000 0.000 0.002 0.002 0.002 0.004 0.001 0.002 0.001 0.000 0.005 0.003 0.018 0.020 0.009 0.002 0.000 0.003 0.000 0.002 0.005 0.001 0.005 0.000 0.001 0.001 0.000 0.006 0.000 0.010 0.012 0.011 0.006 0.001 0.002 0.001 0.004 0.000 0.000 0.003 0.000 0.000 0.001 0.000 0.007 0.008 0.012 0.006 0.009 0.002 0.001 0.001 0.002 0.000 0.000 0.000 0.000 0.000 0.000 0.000 0.002 0.000 0.000 0.000 0.004 0.004 0.002 0.000 0.003 0.001 0.000 0.000 0.002 0.000 0.002 0.000 0.000 0.001 0.000 0.001 0.002 0.002 0.000 0.000 0.000 0.000 0.001 0.000 0.000 0.000 0.000 0.002 0.003 0.000 0.000 0.002 0.000 0.000 0.001 0.001 0.001 0.001 0.000 0.000 0.000 0.001 0.002 0.000 0.001 0.005 0.006 0.001 0.000 0.001 0.001 0.000 0.003 0.002 0.004 0.002 0.001 0.000 0.000 0.000 0.000 0.000 0.000 
   11 P 17  3   1 1.000   0.000 0.002 0.000 0.001 0.005 0.001 0.000 0.000 0.000 0.000 0.000 0.000 0.000 0.000 0.000 0.000 0.000 0.000 0.000 0.000 0.000 0.001 0.004 0.000 0.001 0.000 0.000 0.000 0.000 0.000 0.000 0.000 0.000 0.000 0.000 0.000 0.000 0.000 0.000 0.000 0.000 0.000 0.003 0.004 0.000 0.000 0.000 0.000 0.000 0.000 0.000 0.000 0.000 0.024 0.056 0.023 0.000 0.000 0.003 0.000 0.002 0.000 0.000 0.000 0.000 0.000 0.000 0.000 0.000 0.078 0.116 0.135 0.167 0.038 0.000 0.000 0.000 0.000 0.000 0.000 0.000 0.000 0.000 0.000 0.000 0.019 0.148 0.407 0.581 0.423 0.193 0.049 0.003 0.001 0.007 0.000 0.000 0.000 0.000 0.000 0.000 0.001 0.009 0.068 0.310 0.738 0.862 0.577 0.119 0.014 0.003 0.000 0.009 0.000 0.000 0.000 0.000 0.000 0.000 0.000 0.009 0.062 0.251 0.601 0.689 0.393 0.034 0.006 0.002 0.001 0.005 0.001 0.000 0.000 0.000 0.006 0.000 0.001 0.003 0.015 0.092 0.203 0.214 0.124 0.007 0.000 0.000 0.000 0.001 0.003 0.002 0.000 0.002 0.001 0.000 0.000 0.000 0.000 0.017 0.027 0.034 0.016 0.000 0.000 0.000 0.003 0.003 0.004 0.000 0.000 0.000 0.001 0.004 0.000 0.002 0.002 0.006 0.000 0.001 0.006 0.000 0.000 0.007 0.001 0.003 0.003 0.000 0.000 0.000 0.001 0.000 0.000 0.004 0.008 0.000 0.002 0.000 0.000 0.002 0.000 0.000 0.001 0.003 0.003 0.000 0.000 0.000 0.002 0.006 0.010 0.008 0.004 0.004 0.000 0.000 0.002 0.000 0.003 0.000 0.007 0.000 0.001 0.005 0.002 0.012 0.000 0.000 0.016 0.001 0.006 0.003 0.001 0.000 0.001 0.000 0.000 0.000 0.000 0.003 0.000 0.008 0.005 0.009 0.000 0.000 0.006 0.001 0.003 0.000 0.001 0.003 0.000 0.000 0.000 0.000 0.000 0.000 0.000 0.001 0.001 0.006 0.002 0.010 0.001 0.002 0.003 0.001 0.000 0.000 0.002 0.000 0.000 0.000 0.000 0.001 0.000 0.000 0.000 0.000 0.000 0.003 0.002 0.001 0.000 0.001 0.002 0.000 0.000 0.000 0.001 0.000 0.000 0.002 0.000 0.000 0.000 0.002 0.002 0.000 0.000 0.000 0.000 0.002 0.000 0.003 0.002 0.000 0.000 0.000 0.000 0.000 0.000 0.000 0.002 0.000 0.000 0.004 0.000 0.000 0.000 0.000 0.000 0.000 0.000 
   12 P 17  3   2 0.537   0.000 0.004 0.000 0.001 0.000 0.000 0.000 0.000 0.004 0.000 0.000 0.003 0.000 0.000 0.000 0.000 0.000 0.000 0.000 0.000 0.000 0.000 0.001 0.003 0.003 0.002 0.000 0.001 0.007 0.004 0.000 0.000 0.000 0.000 0.000 0.000 0.009 0.004 0.000 0.000 0.000 0.005 0.009 0.015 0.003 0.000 0.000 0.002 0.001 0.000 0.000 0.000 0.016 0.005 0.031 0.011 0.000 0.000 0.002 0.015 0.044 0.036 0.016 0.000 0.000 0.000 0.000 0.000 0.000 0.009 0.000 0.065 0.089 0.022 0.000 0.000 0.000 0.004 0.054 0.196 0.166 0.043 0.003 0.000 0.000 0.000 0.022 0.103 0.215 0.218 0.114 0.025 0.001 0.000 0.001 0.030 0.194 0.362 0.256 0.118 0.010 0.007 0.000 0.024 0.082 0.283 0.420 0.281 0.059 0.011 0.002 0.000 0.023 0.068 0.206 0.353 0.253 0.080 0.021 0.000 0.001 0.014 0.106 0.260 0.331 0.211 0.019 0.003 0.002 0.003 0.007 0.035 0.117 0.167 0.099 0.032 0.006 0.003 0.001 0.000 0.037 0.089 0.121 0.072 0.005 0.000 0.002 0.000 0.002 0.014 0.025 0.028 0.011 0.003 0.000 0.000 0.000 0.000 0.003 0.009 0.018 0.011 0.000 0.000 0.002 0.003 0.000 0.003 0.004 0.002 0.000 0.000 0.004 0.000 0.000 0.002 0.002 0.000 0.002 0.004 0.000 0.000 0.003 0.000 0.003 0.000 0.000 0.002 0.002 0.001 0.000 0.010 0.004 0.002 0.000 0.003 0.001 0.000 0.000 0.003 0.003 0.001 0.000 0.000 0.000 0.003 0.000 0.007 0.005 0.004 0.001 0.000 0.002 0.001 0.001 0.000 0.000 0.000 0.001 0.000 0.000 0.004 0.003 0.002 0.000 0.015 0.000 0.009 0.000 0.001 0.003 0.000 0.000 0.000 0.000 0.000 0.000 0.000 0.003 0.000 0.002 0.002 0.009 0.003 0.000 0.004 0.003 0.001 0.000 0.000 0.000 0.000 0.000 0.003 0.000 0.001 0.000 0.000 0.000 0.000 0.000 0.004 0.001 0.000 0.002 0.000 0.000 0.000 0.000 0.002 0.001 0.000 0.000 0.002 0.003 0.000 0.000 0.000 0.000 0.000 0.003 0.000 0.000 0.000 0.000 0.002 0.000 0.001 0.000 0.005 0.000 0.000 0.002 0.000 0.001 0.000 0.000 0.001 0.000 0.000 0.000 0.000 0.000 0.000 0.001 0.000 0.003 0.000 0.000 0.000 0.000 0.000 0.000 0.000 0.000 0.000 0.003 0.000 0.000 0.000 0.000 0.000 0.000 0.000 
   13 C 17  3   2 0.777   0.022 0.009 0.004 0.005 0.001 0.000 0.000 0.002 0.008 0.006 0.002 0.002 0.000 0.002 0.006 0.017 0.021 0.014 0.028 0.010 0.004 0.001 0.003 0.003 0.008 0.016 0.024 0.023 0.014 0.007 0.003 0.009 0.019 0.036 0.029 0.024 0.045 0.019 0.008 0.003 0.003 0.012 0.021 0.060 0.086 0.064 0.042 0.012 0.010 0.015 0.014 0.049 0.063 0.054 0.055 0.019 0.005 0.004 0.005 0.026 0.063 0.138 0.168 0.117 0.068 0.033 0.010 0.015 0.031 0.057 0.041 0.069 0.057 0.025 0.004 0.002 0.000 0.023 0.110 0.268 0.285 0.166 0.069 0.014 0.010 0.012 0.026 0.049 0.097 0.120 0.049 0.012 0.003 0.000 0.003 0.040 0.135 0.338 0.338 0.167 0.042 0.011 0.004 0.020 0.018 0.063 0.134 0.084 0.013 0.005 0.002 0.001 0.016 0.028 0.152 0.278 0.225 0.100 0.015 0.000 0.000 0.000 0.009 0.025 0.057 0.048 0.002 0.002 0.002 0.001 0.007 0.006 0.055 0.084 0.077 0.017 0.003 0.001 0.000 0.001 0.002 0.007 0.025 0.017 0.000 0.001 0.000 0.001 0.002 0.001 0.004 0.003 0.007 0.005 0.000 0.000 0.000 0.000 0.000 0.005 0.003 0.003 0.000 0.001 0.000 0.000 0.000 0.000 0.001 0.000 0.001 0.001 0.001 0.002 0.003 0.002 0.004 0.000 0.000 0.000 0.001 0.001 0.000 0.001 0.000 0.000 0.000 0.000 0.000 0.000 0.008 0.015 0.010 0.004 0.001 0.001 0.000 0.000 0.001 0.003 0.004 0.000 0.001 0.002 0.002 0.001 0.004 0.011 0.021 0.021 0.010 0.002 0.003 0.002 0.000 0.000 0.003 0.000 0.001 0.000 0.000 0.000 0.001 0.004 0.000 0.013 0.034 0.029 0.007 0.000 0.002 0.002 0.000 0.000 0.000 0.000 0.001 0.002 0.002 0.002 0.000 0.000 0.000 0.002 0.010 0.010 0.003 0.000 0.000 0.001 0.002 0.000 0.000 0.001 0.000 0.002 0.000 0.001 0.000 0.000 0.006 0.000 0.003 0.000 0.001 0.000 0.001 0.000 0.000 0.000 0.000 0.001 0.002 0.002 0.001 0.000 0.000 0.001 0.000 0.000 0.001 0.000 0.001 0.001 0.000 0.000 0.000 0.000 0.003 0.002 0.000 0.000 0.003 0.002 0.002 0.000 0.000 0.001 0.000 0.000 0.001 0.001 0.000 0.001 0.002 0.005 0.004 0.001 0.001 0.003 0.001 0.000 0.000 0.001 0.000 0.002 0.001 0.000 0.000 0.001 0.000 0.000 0.000 0.003 
   14 Y 19  3   1 1.000   0.025 0.011 0.000 0.001 0.000 0.002 0.001 0.003 0.005 0.006 0.002 0.002 0.001 0.000 0.000 0.008 0.021 0.019 0.031 0.011 0.002 0.000 0.000 0.002 0.006 0.011 0.023 0.020 0.017 0.011 0.005 0.006 0.012 0.023 0.033 0.032 0.035 0.014 0.002 0.001 0.002 0.009 0.019 0.052 0.079 0.067 0.039 0.022 0.016 0.025 0.014 0.023 0.033 0.060 0.033 0.005 0.000 0.001 0.006 0.025 0.073 0.150 0.177 0.142 0.081 0.029 0.011 0.028 0.042 0.034 0.056 0.051 0.041 0.009 0.000 0.001 0.006 0.066 0.177 0.273 0.287 0.182 0.083 0.025 0.013 0.017 0.016 0.051 0.048 0.074 0.028 0.006 0.000 0.001 0.012 0.115 0.281 0.390 0.300 0.167 0.048 0.017 0.008 0.015 0.001 0.027 0.056 0.029 0.004 0.005 0.001 0.000 0.018 0.103 0.225 0.304 0.198 0.082 0.015 0.002 0.000 0.000 0.000 0.000 0.023 0.022 0.000 0.002 0.001 0.000 0.013 0.039 0.102 0.117 0.073 0.018 0.003 0.000 0.000 0.000 0.000 0.000 0.000 0.003 0.000 0.000 0.001 0.000 0.001 0.006 0.011 0.013 0.010 0.002 0.001 0.000 0.000 0.001 0.001 0.000 0.002 0.000 0.000 0.000 0.000 0.000 0.000 0.000 0.002 0.001 0.001 0.000 0.002 0.001 0.002 0.001 0.002 0.000 0.000 0.001 0.001 0.003 0.002 0.001 0.000 0.000 0.000 0.002 0.001 0.001 0.006 0.008 0.001 0.003 0.000 0.000 0.001 0.000 0.003 0.002 0.004 0.000 0.001 0.001 0.001 0.000 0.007 0.011 0.005 0.006 0.009 0.001 0.001 0.001 0.001 0.000 0.002 0.004 0.001 0.003 0.000 0.001 0.000 0.003 0.003 0.011 0.017 0.010 0.002 0.001 0.000 0.002 0.000 0.002 0.000 0.000 0.002 0.003 0.000 0.001 0.000 0.004 0.000 0.005 0.008 0.003 0.001 0.001 0.000 0.000 0.000 0.001 0.000 0.001 0.000 0.000 0.001 0.000 0.000 0.000 0.008 0.006 0.001 0.000 0.001 0.001 0.001 0.000 0.002 0.003 0.001 0.001 0.000 0.001 0.001 0.001 0.000 0.001 0.000 0.000 0.002 0.000 0.000 0.001 0.001 0.000 0.000 0.000 0.002 0.000 0.000 0.000 0.001 0.000 0.002 0.000 0.001 0.000 0.000 0.000 0.000 0.000 0.000 0.002 0.000 0.002 0.006 0.004 0.000 0.002 0.000 0.000 0.002 0.001 0.002 0.002 0.000 0.000 0.001 0.000 0.000 0.000 0.000 0.007 
   15 W 20  5   2 0.657   0.010 0.006 0.001 0.000 0.000 0.001 0.000 0.003 0.005 0.006 0.000 0.001 0.000 0.005 0.003 0.003 0.014 0.000 0.002 0.001 0.000 0.001 0.001 0.001 0.007 0.014 0.022 0.020 0.010 0.002 0.005 0.011 0.000 0.021 0.015 0.009 0.008 0.003 0.001 0.001 0.000 0.008 0.027 0.050 0.069 0.066 0.033 0.021 0.000 0.010 0.010 0.013 0.034 0.040 0.024 0.003 0.000 0.001 0.006 0.035 0.080 0.145 0.172 0.120 0.060 0.023 0.010 0.023 0.027 0.066 0.091 0.062 0.040 0.005 0.002 0.003 0.013 0.049 0.143 0.254 0.276 0.175 0.066 0.022 0.015 0.021 0.068 0.113 0.116 0.111 0.032 0.013 0.003 0.005 0.015 0.075 0.197 0.301 0.268 0.138 0.046 0.011 0.007 0.028 0.058 0.147 0.157 0.120 0.020 0.005 0.003 0.001 0.012 0.065 0.129 0.212 0.162 0.057 0.009 0.005 0.005 0.009 0.037 0.075 0.094 0.065 0.004 0.001 0.001 0.001 0.008 0.009 0.045 0.074 0.038 0.024 0.001 0.000 0.002 0.004 0.012 0.019 0.015 0.016 0.000 0.000 0.000 0.001 0.001 0.000 0.003 0.007 0.007 0.002 0.000 0.000 0.001 0.001 0.003 0.008 0.007 0.000 0.001 0.002 0.000 0.001 0.001 0.002 0.000 0.001 0.003 0.002 0.004 0.001 0.001 0.000 0.001 0.001 0.000 0.000 0.001 0.003 0.004 0.001 0.000 0.000 0.000 0.001 0.001 0.009 0.011 0.014 0.005 0.002 0.000 0.000 0.000 0.000 0.004 0.002 0.003 0.000 0.001 0.001 0.000 0.002 0.005 0.009 0.025 0.021 0.008 0.001 0.003 0.000 0.001 0.000 0.000 0.005 0.000 0.002 0.002 0.001 0.001 0.002 0.007 0.013 0.024 0.013 0.002 0.002 0.000 0.002 0.000 0.000 0.000 0.003 0.001 0.000 0.000 0.000 0.003 0.005 0.010 0.010 0.007 0.005 0.001 0.002 0.001 0.000 0.000 0.006 0.000 0.000 0.001 0.000 0.000 0.000 0.002 0.004 0.004 0.007 0.004 0.001 0.000 0.001 0.001 0.000 0.000 0.003 0.001 0.000 0.000 0.001 0.000 0.000 0.000 0.001 0.001 0.001 0.003 0.000 0.001 0.001 0.003 0.000 0.000 0.000 0.002 0.002 0.000 0.001 0.003 0.000 0.002 0.001 0.002 0.002 0.003 0.000 0.000 0.000 0.002 0.004 0.000 0.000 0.002 0.000 0.000 0.003 0.001 0.002 0.001 0.004 0.001 0.002 0.000 0.000 0.002 0.001 0.000 0.000 0.001 0.000 
   16 E 21  5   2 0.517   0.012 0.005 0.000 0.001 0.002 0.002 0.003 0.006 0.006 0.009 0.002 0.002 0.003 0.006 0.018 0.055 0.060 0.033 0.017 0.006 0.003 0.003 0.001 0.004 0.008 0.019 0.033 0.032 0.024 0.012 0.006 0.020 0.031 0.061 0.081 0.036 0.011 0.005 0.001 0.000 0.002 0.011 0.029 0.068 0.106 0.104 0.063 0.016 0.015 0.021 0.001 0.047 0.042 0.070 0.021 0.003 0.000 0.001 0.000 0.015 0.048 0.124 0.179 0.172 0.085 0.032 0.008 0.002 0.011 0.043 0.059 0.054 0.039 0.004 0.000 0.000 0.008 0.037 0.123 0.170 0.216 0.196 0.083 0.017 0.014 0.007 0.061 0.087 0.136 0.083 0.031 0.009 0.000 0.000 0.005 0.082 0.122 0.162 0.114 0.106 0.033 0.009 0.015 0.030 0.086 0.202 0.191 0.117 0.022 0.004 0.000 0.000 0.019 0.050 0.090 0.073 0.029 0.022 0.008 0.000 0.004 0.020 0.086 0.185 0.160 0.078 0.003 0.002 0.000 0.001 0.013 0.018 0.025 0.039 0.005 0.000 0.000 0.001 0.002 0.010 0.048 0.095 0.066 0.021 0.000 0.000 0.000 0.001 0.000 0.003 0.012 0.005 0.004 0.001 0.001 0.002 0.001 0.000 0.008 0.018 0.012 0.001 0.000 0.000 0.000 0.000 0.001 0.000 0.001 0.001 0.001 0.003 0.005 0.004 0.003 0.000 0.000 0.000 0.000 0.000 0.000 0.000 0.000 0.002 0.000 0.000 0.000 0.002 0.001 0.004 0.006 0.006 0.005 0.002 0.000 0.000 0.000 0.000 0.000 0.000 0.000 0.000 0.000 0.000 0.000 0.002 0.000 0.013 0.017 0.013 0.008 0.004 0.000 0.003 0.001 0.001 0.001 0.000 0.000 0.000 0.000 0.000 0.000 0.001 0.010 0.010 0.015 0.004 0.004 0.002 0.001 0.003 0.000 0.000 0.000 0.000 0.002 0.001 0.000 0.000 0.000 0.004 0.000 0.004 0.009 0.003 0.000 0.000 0.000 0.002 0.000 0.001 0.000 0.000 0.000 0.000 0.000 0.000 0.000 0.000 0.000 0.002 0.001 0.002 0.001 0.000 0.000 0.001 0.000 0.000 0.000 0.002 0.000 0.001 0.001 0.001 0.001 0.000 0.001 0.002 0.001 0.000 0.000 0.001 0.000 0.000 0.000 0.000 0.002 0.000 0.000 0.000 0.001 0.001 0.004 0.000 0.001 0.001 0.001 0.000 0.000 0.001 0.001 0.003 0.000 0.006 0.008 0.000 0.000 0.001 0.001 0.000 0.000 0.001 0.000 0.001 0.000 0.003 0.004 0.002 0.005 0.013 0.025 0.018 
   17 G 21  4   2 0.698   0.000 0.000 0.000 0.001 0.000 0.000 0.000 0.000 0.000 0.003 0.000 0.003 0.004 0.002 0.000 0.000 0.000 0.000 0.000 0.000 0.000 0.000 0.000 0.001 0.004 0.002 0.005 0.000 0.000 0.000 0.003 0.007 0.008 0.000 0.000 0.000 0.010 0.000 0.000 0.000 0.000 0.003 0.000 0.000 0.000 0.005 0.000 0.000 0.000 0.019 0.000 0.013 0.012 0.009 0.004 0.025 0.006 0.000 0.004 0.017 0.016 0.047 0.000 0.000 0.000 0.000 0.000 0.043 0.000 0.012 0.000 0.017 0.008 0.017 0.010 0.001 0.000 0.021 0.052 0.067 0.010 0.040 0.000 0.014 0.014 0.015 0.000 0.024 0.000 0.000 0.016 0.005 0.009 0.000 0.002 0.058 0.139 0.197 0.143 0.056 0.006 0.011 0.029 0.037 0.000 0.032 0.030 0.015 0.012 0.005 0.004 0.002 0.019 0.075 0.132 0.124 0.114 0.056 0.001 0.001 0.001 0.000 0.013 0.004 0.043 0.014 0.002 0.002 0.001 0.006 0.004 0.014 0.113 0.018 0.055 0.013 0.002 0.001 0.000 0.003 0.000 0.020 0.017 0.000 0.000 0.001 0.000 0.005 0.008 0.009 0.021 0.021 0.003 0.006 0.000 0.001 0.000 0.000 0.001 0.002 0.000 0.002 0.005 0.006 0.001 0.005 0.001 0.000 0.001 0.000 0.002 0.002 0.002 0.003 0.005 0.003 0.001 0.000 0.000 0.001 0.000 0.005 0.006 0.001 0.002 0.001 0.004 0.005 0.016 0.022 0.018 0.014 0.006 0.004 0.005 0.000 0.000 0.000 0.000 0.000 0.006 0.000 0.003 0.002 0.006 0.039 0.112 0.120 0.066 0.035 0.003 0.000 0.000 0.001 0.000 0.000 0.000 0.000 0.006 0.000 0.004 0.011 0.039 0.144 0.309 0.326 0.168 0.021 0.007 0.003 0.001 0.000 0.000 0.000 0.002 0.000 0.000 0.000 0.003 0.016 0.060 0.226 0.456 0.428 0.192 0.035 0.000 0.000 0.002 0.000 0.000 0.006 0.000 0.000 0.000 0.000 0.000 0.014 0.053 0.186 0.314 0.279 0.106 0.018 0.002 0.001 0.000 0.000 0.000 0.000 0.000 0.000 0.000 0.000 0.004 0.007 0.027 0.075 0.117 0.081 0.032 0.008 0.004 0.000 0.000 0.000 0.000 0.000 0.000 0.000 0.000 0.000 0.001 0.000 0.011 0.014 0.015 0.010 0.004 0.002 0.004 0.002 0.000 0.000 0.000 0.000 0.000 0.000 0.000 0.000 0.001 0.000 0.000 0.000 0.005 0.000 0.000 0.000 0.002 0.006 0.000 0.000 0.000 0.000 
   18 E 16  4   2 0.608   0.008 0.004 0.002 0.001 0.000 0.000 0.000 0.000 0.002 0.004 0.004 0.000 0.007 0.009 0.001 0.020 0.015 0.043 0.036 0.011 0.004 0.001 0.001 0.002 0.003 0.006 0.007 0.018 0.019 0.017 0.021 0.025 0.012 0.000 0.036 0.045 0.039 0.016 0.002 0.003 0.002 0.001 0.013 0.025 0.047 0.055 0.048 0.030 0.052 0.026 0.000 0.000 0.000 0.052 0.037 0.015 0.001 0.003 0.002 0.013 0.030 0.075 0.120 0.136 0.099 0.060 0.058 0.034 0.009 0.000 0.000 0.048 0.048 0.025 0.005 0.001 0.000 0.032 0.039 0.119 0.188 0.174 0.109 0.065 0.072 0.091 0.097 0.077 0.103 0.126 0.091 0.015 0.005 0.002 0.003 0.000 0.007 0.093 0.145 0.145 0.070 0.043 0.070 0.088 0.137 0.230 0.291 0.193 0.061 0.011 0.005 0.001 0.003 0.014 0.000 0.009 0.059 0.060 0.030 0.017 0.025 0.044 0.113 0.206 0.240 0.146 0.015 0.003 0.000 0.000 0.000 0.000 0.000 0.000 0.021 0.005 0.005 0.003 0.005 0.008 0.043 0.088 0.101 0.059 0.006 0.002 0.000 0.001 0.000 0.000 0.000 0.000 0.003 0.001 0.002 0.003 0.000 0.001 0.010 0.014 0.017 0.007 0.001 0.000 0.000 0.000 0.002 0.003 0.001 0.000 0.001 0.000 0.000 0.003 0.000 0.000 0.001 0.001 0.004 0.003 0.000 0.001 0.003 0.000 0.000 0.003 0.000 0.000 0.002 0.003 0.007 0.005 0.005 0.002 0.000 0.000 0.000 0.002 0.003 0.001 0.001 0.000 0.002 0.001 0.003 0.001 0.000 0.003 0.000 0.000 0.000 0.000 0.000 0.000 0.003 0.001 0.002 0.001 0.000 0.002 0.001 0.000 0.001 0.001 0.002 0.000 0.004 0.003 0.000 0.002 0.001 0.000 0.003 0.000 0.000 0.000 0.000 0.003 0.001 0.001 0.000 0.000 0.006 0.003 0.008 0.001 0.000 0.003 0.003 0.001 0.003 0.003 0.003 0.003 0.000 0.001 0.001 0.000 0.000 0.000 0.000 0.000 0.002 0.002 0.000 0.000 0.001 0.000 0.002 0.000 0.000 0.001 0.000 0.000 0.000 0.000 0.000 0.000 0.000 0.000 0.000 0.002 0.002 0.000 0.000 0.000 0.002 0.002 0.003 0.003 0.003 0.000 0.001 0.000 0.000 0.000 0.000 0.000 0.000 0.001 0.000 0.000 0.000 0.001 0.000 0.005 0.013 0.003 0.002 0.000 0.000 0.001 0.000 0.002 0.002 0.001 0.001 0.000 0.000 0.000 0.002 0.007 0.015 0.004 
