REMARK TALOS-N Protein Backbone Torsion Angle Prediction Table
REMARK  Database Penta-peptide Matches for bmr30718_3_6vlj_edit.str.txt
REMARK 
REMARK  RESID_Q_CENTER is the residue id of query penta-peptide sequence.
REMARK 
REMARK  RESNAMES_Q is the query penta-peptide sequence.
REMARK 
REMARK  DIST is the TALOS-N database matching score.
REMARK 
REMARK  W is a weighting factor used to calculate the average predicted angles.
REMARK 
REMARK  RESNAMES_DB is the database penta-peptide sequence.
REMARK 
REMARK  *_L1 are the residue numbers, phi/psi/chi1 torsion angles (degrees) 
REMARK  or the chemical shifts of the third residue of the database
REMARK  penta-peptide.
REMARK 
REMARK  RESID is the residue number of center residue of database penta-peptide.
REMARK 
REMARK  HN N HA C CA CB are secondary chemical shifts of center residue 
REMARK  of database penta-peptide.
REMARK 
REMARK  PHI/PSI/CHI1 is the phi/psi/chi1 torsion angles (degrees) of the 
REMARK  center residue of the database penta-peptide.
REMARK 
REMARK  *_R1 are the residue numbers, phi/psi/chi1 torsion angles (degrees) 
REMARK  or the chemical shifts of the fifth residue of the database
REMARK  penta-peptide.
REMARK 
REMARK  SOURCE is protein name of the database triplet.
REMARK 
REMARK  TALOS-N Version 4.12 Rev 2023.083.11.36 TALOSN_INFO
REMARK 

DATA FIRST_RESID 1
DATA SEQUENCE AACHNHAPCM PPCYWEGEC

VARS   INDEX RESID_Q_CENTER RESNAMES_Q DIST W RESNAMES_DB RESID_L1 PHI_L1 PSI_L1 CHI1_L1 HN_L1 N_L1 HA_L1 C_L1 CA_L1 CB_L1 RESID PHI PSI CHI1 HN N HA C CA CB RESID_R1 PHI_R1 PSI_R1 CHI1_R1 HN_R1 N_R1 HA_R1 C_R1 CA_R1 CB_R1 SOURCE 
FORMAT %4d %4d %7s %6.3f %4.2f  %s %4d %6.1f %6.1f %4.0f %5.2f %5.1f %5.2f %5.1f %5.1f %5.1f %4d %6.1f %6.1f %4.0f %5.2f %5.1f %5.2f %5.1f %5.1f %5.1f %4d %6.1f %6.1f %4.0f %5.2f %5.1f %5.2f %5.1f %5.1f %5.1f %s

   1    2 ??AAcHN  4.411 0.00  VMSTNND  234  -79.8   64.5 -174 -0.62  -0.7 -0.09   0.2  -1.1  -1.8  235  -78.9    8.8  -47 -0.56   2.1 -0.15  -0.2   1.3  -1.3  236  -73.8   75.5 -166 -0.62   0.7 -0.04   0.3  -1.0  -1.4 2gp6A
   2    2 ??AAcHN  4.571 1.00  PHATLEE   66  -72.5  140.6 9999 -0.78  -1.3  0.18  -0.3   0.5   0.4   67  -71.4  166.4   64  0.37  -0.7  0.32   1.6  -1.0   2.2   68  -54.0  -40.7  -75  0.65  -1.5 -0.38   2.0   3.2  -0.6 2rdqA
   3    2 ??AAcHN  4.790 1.00  EVTTLES   97 -117.0  119.8  -52  0.32  -1.0  0.64  -0.6  -0.6   1.2   98 -114.2  171.0   68  0.38  -1.4  0.56   0.8  -2.6   3.1   99  -58.3  -36.8 -167  0.63  -0.7 -0.25   1.9   3.7  -0.9 3b79A
   4    2 ??AAcHN  4.961 1.00  WGTVNcK   85  -81.3  139.9  -54  0.16   0.8  0.55  -0.6   1.0   0.9   86 -118.5  129.3  -67  0.53   2.4  0.50  -2.3  -1.3   1.7   87 -105.1  113.8  177  0.41   3.5  0.34   0.3  -1.6   1.0 2mcmA
   5    2 ??AAcHN  4.984 1.00  RPATDND  770  -46.7  126.2 9999 -0.12   2.7 -0.07  -0.1   1.2   0.3  771  -77.5  171.7   64  0.24  -0.7  0.19   1.1  -1.6   2.1  772  -62.8  -36.7  -61  0.32  -1.9 -0.52   1.9   3.6  -0.8 3bgaA
   6    2 ??AAcHN  5.078 1.00  FSSTNES  101 -154.7  157.5   74  0.19  -2.8  1.10  -1.4  -0.6   3.2  102 -153.7  165.3 -169  0.61  -1.5  0.51  -1.6  -1.4   2.4  103  -61.1  143.4  -70  0.27   1.4  0.21   1.3   0.5   0.7 3blnA
   7    2 ??AAcHN  5.407 1.00  HVVANHQ   17 -124.6  160.2   70  0.88  -5.3  1.06  -1.0  -3.3   3.7   18  -69.4  142.6 9999  0.35  -2.0 -0.19  -0.8   0.0  -0.1   19  -72.6  124.9  177  0.16   0.9  0.07   1.1   0.1   0.5 2tnfA
   8    2 ??AAcHN  5.433 1.00  QVVVSRS  445  -70.3  122.8  -72  0.80   4.5  0.01  -0.6   1.2  -0.3  446  -99.8  114.3  -68  1.19   5.0  0.53  -1.1  -1.1   0.3  447 -140.5  142.5 -179  0.43   2.1  0.73  -0.4  -1.9   2.2 2uzxB
   9    2 ??AAcHN  5.615 0.00  DPSVKEK   77  -61.5  -22.7   73 -0.09  -1.8 -0.20   2.0   2.8  -0.5   78  -66.2  -19.2 -162 -0.61  -0.7 -0.27   1.4   2.5  -0.3   79  -59.3  -32.7   77  0.35  -4.4 -0.08   1.6   2.7  -0.2 7a3hA
  10    2 ??AAcHN  5.727 1.00  GEAGAHE  462 -110.9  146.4 9999 -0.19  -1.6  0.46  -0.8  -1.6   3.0  463 -115.7 -165.6 9999  0.22  -0.2  0.32  -0.0  -0.9   0.3  464  -61.2  -40.3 9999  0.63  -1.8 -0.32   2.3   2.5  -0.6 2qvwA
  11    2 ??AAcHN  5.957 1.00  GPGSLYT  187  168.8  171.8 9999 -0.33  -2.4  0.21  -2.9   0.2   0.2  188  -52.1  132.2  -61  0.26   0.3 -0.09   0.4   1.4   0.4  189  -63.5  -55.9 -179  0.43   3.8 -0.33   1.5   3.2  -0.8 2o2zA
  12    2 ??AAcHN  6.000 1.00  AVVAPER   45 -104.3  146.6 -179 -0.86  -0.6  0.28  -0.7  -2.5   2.1   46  -65.3  137.5 9999  0.26   4.8  0.05   0.2  -1.8  -1.2   47  -61.7  -32.0   21  0.00   2.2 -0.45   0.8   1.6   0.1 2q7sA
  13    2 ??AAcHN  6.016 0.00  YETSQHN    7  -96.2   -6.0   71 -0.43  -2.9  0.08   1.0   0.7   0.6    8 -112.8  -28.1   55 -0.40  -4.7  0.19  -0.4   0.4   1.7    9 -101.9   99.3 -167 -0.33  -0.7  0.12   0.2  -1.1   0.2 3bjnA
  14    2 ??AAcHN  6.037 0.00  SGAGcES  202  -70.6   -8.4 9999 -0.54  -2.8  0.04  -0.2   0.1   0.4  203  101.8  175.4 9999 -0.05  -2.1  0.29   0.4  -0.8   0.2  204  -73.0  -17.9  -49  0.37   0.0 -0.20   0.3   2.2  -0.8 2hlcA
  15    2 ??AAcHN  6.068 0.00  ITSGNEN  205 -131.3  137.6  162  0.47  -0.8  0.71  -0.7  -2.4   2.0  206  -98.8   11.4 9999  0.48   2.9  0.01  -1.2   0.3   0.0  207  -87.1  111.4 -178 -0.16   0.6  0.06   0.8  -0.3   0.6 2yvvA
  16    2 ??AAcHN  6.072 0.00  PTGALRK  167   72.9    8.3 9999 -0.18  -2.2  0.29   0.0   0.8   0.0  168  -69.4  -17.3 9999 -0.08   0.3 -0.38   1.2   2.1  -0.5  169  -67.1  -14.3  -78  0.05  -2.6 -0.22   1.4   1.3  -0.5 3bkhA
  17    2 ??AAcHN  6.119 1.00  HLSSSQD   98 -161.0  174.9   56 -1.00  -8.1  0.29  -2.5  -0.6   2.3   99 -136.9  133.3  -71  0.37  -1.0  0.77  -1.4  -0.6   3.1  100  -96.3 -168.9  -71  1.02   2.9  0.27   1.3  -1.2   2.1 2p5zX
  18    2 ??AAcHN  6.126 1.00  YPGVQNH  252   85.8   -5.4 9999  0.43   2.7 -0.10  -1.4   0.2  -0.1  253 -105.8  133.3  -43 -0.49   1.3 -0.12  -1.0  -0.8   0.6  254  -91.9  150.0  -67  0.56   1.3  0.08   1.5  -1.1   1.0 3brbA
  19    2 ??AAcHN  6.209 1.00  FRVATEK  128 -108.4  110.6  -54  1.22   3.5  0.80  -0.4  -0.8   1.1  129  -87.5  155.7 9999  0.96   4.9  0.65  -0.4  -0.8   1.6  130 -117.3  178.9   71  0.43  -4.1  0.27   0.6  -2.9   3.1 3bptA
  20    2 ??AAcHN  6.210 1.00  MFTASHN  152  -57.9  130.8  -61 -0.03   5.6 -0.07  -0.4   0.9   0.2  153 -144.6  155.3 9999  0.18   3.0  0.43  -0.5  -1.5   3.6  154  -50.4  -42.1  -67  0.58   1.3 -0.45   2.7   4.3  -0.4 3bwvA
  21    2 ??AAcHN  6.276 0.00  VGVANNK   14  -82.5  112.1  -62 -0.26   0.9 -0.01  -0.2   0.7  -0.0   15 -108.8  -28.1 9999  1.14   3.2  0.31  -0.1   1.3   2.2   16 -160.6 -174.8   65 -0.69  -6.3  0.09  -0.5  -0.7   0.5 2pd4A
  22    2 ??AAcHN  6.284 1.00  VLAGNKN  720  -66.5  136.9 9999  0.49   3.3  0.07  -0.0   0.5   0.2  721 -123.6 -132.7 9999 -0.01   0.2  0.15  -2.4  -0.6   0.1  722  -95.5   96.5 -172  0.24   1.4  0.04   0.5  -1.2  -0.6 3bgaA
  23    2 ??AAcHN  6.316 0.00  DEAALRR  175  -73.3  -53.4 9999 -0.20  -1.3 -0.22   2.0   2.9  -0.6  176  -63.7  -43.4 9999  0.97  -2.1 -0.44   2.3   2.9  -0.9  177  -61.0  -33.4  -76  0.05  -2.2 -0.23   2.5   2.9  -1.0 3b9pA
  24    2 ??AAcHN  6.354 1.00  VLSAAHc   38 -155.1 -180.8 -172  0.64   2.6  0.38  -1.5  -2.3   2.0   39  -77.8  144.6 9999  0.44  -0.8  0.18   0.6  -0.2   0.2   40  -61.8  -23.5 9999  0.46   3.2 -0.50   1.0   2.6  -1.3 2bdgA
  25    2 ??AAcHN  6.361 0.00  SQGSARS  164   79.5 -165.8 9999  0.05  -1.2  0.17  -1.8  -0.1   0.2  165   55.0 -144.3 9999  0.49  -1.2 -0.29   0.3   2.4  -1.3  166  -66.4  -14.9 9999  0.51   2.6 -0.26   1.1   2.5  -0.7 2oq2A
  26    3 ?AAcHNH  2.489 1.00  VCVEEEN  329  -68.1  134.4  -60  0.57  -0.4 -0.19  -0.3   0.7  -0.1  330  -78.4  102.1 -161  0.45   3.4 -0.02   0.1  -0.8  -0.5  331  -65.9  -25.9  -73  0.30   4.6 -0.30   1.9   3.0  -0.2 1utcA
  27    3 ?AAcHNH  2.644 0.00  AGTHNEN  120 -106.6  156.7   61 -0.51  -3.2  0.14  -0.7  -1.7   2.1  121   48.6   63.6  -62 -0.07  -5.9 -0.16  -0.1   0.3  -2.5  122  -83.4    3.6  -74 -0.10  -3.8  0.39   1.2   1.3   0.2 1h7zA
  28    3 ?AAcHNH  2.955 1.00  VGGVEDE  138  139.7 -175.4 9999  0.27  -1.4  0.31  -2.2  -0.4   0.4  139  -63.4  126.1  -68  0.28   0.6 -0.12   1.9   1.0  -0.2  140  -69.5  -20.4   48  0.49   2.1 -0.59   1.8   2.0  -1.2 2gf2A
  29    3 ?AAcHNH  3.021 1.00  WAVDENY  326 -116.2   23.3 -176  0.50   2.7  0.02  -0.7  -1.2   0.6  327  -64.1  115.8 -174 -0.68  -0.6 -0.16   0.3   0.1   0.4  328  -68.3  -31.6  -41  0.42   5.7 -0.07   1.5   3.2  -0.2 1u3dA
  30    3 ?AAcHNH  3.031 0.00  YTGFRDR   30  -68.2  148.6 9999 -1.66  -2.1 -0.28  -0.0   0.1  -0.3   31   39.6   54.1  -52  0.08  -3.5 -0.39  -0.0   0.2  -2.4   32  -65.6  -21.8 -151 -0.34  -1.7 -0.30   1.7   2.9  -0.5 1h9dB
  31    3 ?AAcHNH  3.102 1.00  NVAFSRE  538  -96.5  114.3 9999  0.78   3.2  0.36  -1.9  -2.2   0.9  539  -94.0   96.2  -62  0.56   3.5  0.47   0.7  -0.8  -0.9  540  -61.7  -25.7   71  0.45   0.7 -0.22   0.8   2.5  -0.3 1ja1A
  32    3 ?AAcHNH  3.112 1.00  MSVTQKQ  162 -101.1  146.5  -53  0.33   3.6  0.24  -1.0  -1.0   1.7  163  -86.2  118.8  -57  0.50   3.2 -0.12  -0.8   0.9  -0.2  164  -58.8  -35.4  -68  0.75   3.0 -0.09   1.6   3.5  -0.1 2i9wA
  33    3 ?AAcHNH  3.170 1.00  RTTLNGE  632  -78.6  -39.0  -47 -0.47  -2.8 -0.08   0.7   3.5   0.6  633  -97.4   70.0  178 -0.57  -3.5  0.04   0.2  -1.3  -1.5  634  -69.4  -39.7   58 -0.08   3.7 -0.20   1.7   3.0  -0.8 2qtcA
  34    3 ?AAcHNH  3.215 0.00  EVTNSGQ   90  -89.4  166.0   67  0.40  -0.5  0.42  -0.4  -1.5   2.1   91   46.9   42.4 -169  0.82  -2.6 -0.23   1.2   0.9  -1.3   92  -77.3  -16.1   62 -0.02  -3.1  0.25   0.7   2.5   0.0 2in5A
  35    3 ?AAcHNH  3.237 1.00  LVADHDR  286  -64.4  123.4 9999  0.89   3.4 -0.00  -0.8   0.7  -0.1  287  -87.1   75.7 -144  0.35   3.1  0.12   0.5  -1.2  -1.3  288  -55.2  -35.6  -59 -0.89   2.1 -0.10   2.2   3.2   0.0 2po3A
  36    3 ?AAcHNH  3.249 1.00  DLTDETR  232  -62.9  135.0  -57 -0.33   0.0 -0.13  -0.5   2.1   0.8  233  -86.1   94.5  175  0.27   3.2  0.05   0.4  -1.4  -1.0  234  -66.5   -5.9  -60 -0.11   4.3 -0.12   0.9   2.4  -0.3 2e6cA
  37    3 ?AAcHNH  3.256 1.00  FcVDEGR   75  -92.9  130.6  -56  0.62   2.6  0.26  -0.9  -0.3   0.9   76  -79.3   96.3 -173  0.54   3.3  0.00   0.2  -0.9  -0.4   77  -68.4   -6.5  -59 -0.10   4.4 -0.17   1.7   2.5  -0.3 1z8gA
  38    3 ?AAcHNH  3.324 1.00  AGVSEQN   55  -84.9  137.4  -58 -0.72   1.8 -0.11  -0.7  -0.3   0.5   56  -66.2  141.0  167  0.41   2.6 -0.01   1.3   0.4   0.2   57  -65.0  -19.5   61  0.51   2.6 -0.27   1.8   2.5  -0.4 1spxA
  39    3 ?AAcHNH  3.328 1.00  KLSQENE   44  -89.0    2.0  -65 -0.79  -4.7  0.26   0.0   0.3   0.7   45  -80.4   82.6  -71 -0.86  -0.9  0.25  -0.3  -1.5  -1.9   46  -74.2   -6.5  -66 -0.14   2.1 -0.15   0.9   2.1  -0.5 2qsbA
  40    3 ?AAcHNH  3.369 1.00  GAADETY  168  -93.6   -0.1 9999 -0.21  -4.5  0.10  -0.1  -0.2   0.5  169  -84.7   79.2 -171 -0.49   0.2  0.05  -0.0  -0.4  -0.7  170  -67.7  -31.8 -172 -0.25   4.7 -0.52   1.9   3.0  -0.2 3b5eA
  41    3 ?AAcHNH  3.433 1.00  GGVHRQN  101  -84.4  128.6  -55  0.86   1.3  0.12  -0.7   0.6   0.2  102  -75.2  108.4 -166  0.60   4.3  0.13   0.7  -0.8   0.4  103  -73.4  -17.2  -56  0.70   6.8 -0.03   0.6   2.4  -0.2 2jh1A
  42    3 ?AAcHNH  3.462 1.00  IGGEYRR  224   68.7 -161.9 9999  0.23  -1.8 -0.02  -1.3   0.2   0.0  225  -93.9  137.8  -76  0.16  -0.4  0.36   1.4  -0.6   1.3  226  -66.4  -34.7   73  0.46   0.9  0.07   1.5   3.3  -0.4 2i7gA
  43    3 ?AAcHNH  3.465 1.00  GScAFDE  140  -90.6   -0.2  -90  0.25   2.5  0.06  -0.3  -0.4  -0.2  141  -84.4   53.3 9999 -0.50  -1.9 -0.07   0.7  -0.1  -1.0  142  -65.5  -12.5   59 -0.68  -2.1 -0.25   0.7   1.8  -1.6 2b6dA
  44    3 ?AAcHNH  3.498 0.00  ITGVQSR  339   77.5   29.4 9999  0.61   0.6 -0.05   0.5   1.4  -0.0  340 -100.2    6.6   61 -0.53  -3.8  0.12   0.4  -0.2   0.0  341  -66.2  -23.8   62  0.32  -1.4 -0.25   1.4   2.5  -1.2 2vapA
  45    3 ?AAcHNH  3.515 1.00  LAADNRE   52  -73.9  116.2 9999  0.50   2.8  0.02  -0.8   0.2  -0.3   53  -87.2   91.8 -169  0.70   3.9 -0.02   0.0  -0.6  -0.5   54 -108.2   24.3  -89  0.33   4.2  0.64   0.1  -0.2   0.2 2nxvA
  46    3 ?AAcHNH  3.519 1.00  VSTNRTN  133  -75.3  -44.7 -169 -0.05  -0.5 -0.40   1.9   3.5   0.0  134  -89.1   14.9 -170 -0.42  -3.7 -0.14   0.5  -0.2  -0.8  135  -66.2  -22.5 -164 -0.56  -1.6 -0.26   1.5   2.9  -0.5 2pbxA
  47    3 ?AAcHNH  3.520 1.00  SAIDRKR  175  -61.7  134.6  -66 -1.18   0.4 -0.37   0.0   0.6  -0.4  176  -77.6  107.7 -172  0.46   3.6  0.02   0.6  -0.6  -0.1  177  -72.2  -12.2  -90  0.46   4.7 -0.17   1.4   2.4  -0.3 2hxmA
  48    3 ?AAcHNH  3.544 1.00  EAPDYGR    9  -63.5  149.2   -9  0.00   1.0 -0.09  -1.7  -0.9  -0.1   10  -81.7   98.0  169  0.20   1.5 -0.08   0.3  -1.3  -0.5   11  -66.5  -14.2  -66 -0.21   2.9 -0.29   2.1   1.8  -1.2 2jbhA
  49    3 ?AAcHNH  3.548 1.00  PGVRYRE  212  -87.5  133.7  -63 -0.92   1.7 -0.15  -1.4  -0.1  -0.3  213  -71.5  136.3  -65  0.44   1.9 -0.15   1.1   0.3   0.0  214  -59.6  -32.0  -77  0.32   0.5 -0.42   2.2   2.7  -0.5 2b3hA
  50    3 ?AAcHNH  3.548 1.00  ATANYNR  442  -64.0  155.0 9999 -0.79  -0.3 -0.87  -1.2  -0.0  -0.7  443  -79.6  105.5 -174  0.33   0.4 -0.16   0.2  -1.1  -0.5  444  -67.4  -10.4  -81  0.15   3.1 -0.24   0.9   2.5  -0.9 1rwhA
  51    4 AAcHNHA  1.347 1.00  GALRSET  268  -97.8   18.4  -54 -0.59  -5.1  0.05   0.6  -0.2  -0.8  269  -62.0  -22.6   69  0.01  -1.7 -0.23   0.7   2.2  -0.3  270  -97.0    9.9  -71 -0.79  -4.0  0.14  -0.2  -0.4   0.6 1d3gA
  52    4 AAcHNHA  1.374 1.00  cVScSNc  142  -67.1  144.8  170  0.52   2.9 -0.32   1.1   0.3   0.3  143  -66.6  -10.6  -80  0.61   4.9 -0.09   1.1   1.8  -1.3  144  -71.3  -10.4   58 -0.32  -2.7 -0.13   0.5   2.4  -0.3 1extA
  53    4 AAcHNHA  1.401 1.00  VGWNSQP  216   55.9   34.3  -91  1.03  -3.1  0.20  -0.1   0.6  -2.5  217  -71.3  -18.3  -70 -0.24  -3.1 -0.09   1.7   2.7  -0.3  218  -71.1  -12.3   71 -0.99  -5.4 -0.10  -0.4   1.7   0.2 1rx0A
  54    4 AAcHNHA  1.446 1.00  AQRENEA  191  -87.2  105.4  -62  0.57   1.1  0.07  -0.3  -0.9  -0.1  192  -62.1  -32.1  -78  0.43   4.5 -0.31   1.6   3.0  -0.4  193  -67.5  -22.8   69  0.36  -4.4 -0.34   0.8   2.2  -1.4 2blnA
  55    4 AAcHNHA  1.469 1.00  LSQENES   45  -80.4   82.6  -71 -0.86  -0.9  0.25  -0.3  -1.5  -1.9   46  -74.2   -6.5  -66 -0.14   2.1 -0.15   0.9   2.1  -0.5   47  -84.1   -7.5   55 -0.10  -5.1 -0.11  -0.9   0.1  -0.6 2qsbA
  56    4 AAcHNHA  1.492 1.00  STDcSRV   88 -101.9   99.6 -177  0.10   3.2  0.13  -0.0  -2.0  -0.1   89  -65.1  -20.3  -67  0.55   3.2 -0.47   1.4   2.4  -1.5   90  -72.2  -17.0   77 -0.30  -2.7 -0.18   0.5   2.5  -0.4 1fk5A
  57    4 AAcHNHA  1.501 1.00  EVDETYV  494  -82.1  103.0 -176  0.25   3.5  0.03   0.4  -1.0  -0.6  495  -85.3   -8.3  -69  0.40   4.5 -0.00   1.0   1.4  -0.1  496  -94.4   -6.9   69 -0.59  -6.6  0.08   0.2   0.5   0.8 1n5uA
  58    4 AAcHNHA  1.555 1.00  VFDENES  924  -86.0   89.2 -178 -0.12   3.1 -0.25  -0.0  -1.6  -1.4  925  -71.6  -12.3 -159  0.28   4.4 -0.25   1.5   1.4   0.0  926  -66.3  -24.9  -59 -0.57  -3.9 -0.29   1.5   2.6  -0.7 2j5wA
  59    4 AAcHNHA  1.555 1.00  GVHRQNS  102  -75.2  108.4 -166  0.60   4.3  0.13   0.7  -0.8   0.4  103  -73.4  -17.2  -56  0.70   6.8 -0.03   0.6   2.4  -0.2  104 -102.0  -37.7  -66 -0.30  -4.5  0.16   1.2   1.1   1.0 2jh1A
  60    4 AAcHNHA  1.571 1.00  GLDYQQT  118  -87.7  107.5  176  0.16  -0.8  0.11   0.7  -1.1   0.0  119  -61.3  -26.6   78  0.36   4.7 -0.30   1.2   2.5  -0.7  120  -71.6  -20.7  -71 -0.58  -1.3 -0.51   1.1   2.3  -0.9 2oixA
  61    4 AAcHNHA  1.633 1.00  VVDENFS  225  -93.5   99.3 -165  0.20   4.5  0.01   0.6  -1.5  -0.6  226  -74.3  -12.4  -76  0.40   4.0 -0.18   1.8   2.2  -0.6  227  -62.9  -30.5  -61 -0.39  -2.3 -0.40   1.4   3.2  -0.7 2j5wA
  62    4 AAcHNHA  1.661 1.00  QVQRDKG   72  -90.1   79.6  -46  0.83   4.1  0.23  -0.1  -1.6  -1.7   73  -68.0  -24.3  -67 -0.27   1.7 -0.06   2.2   2.8  -0.1   74  -72.4  -21.6  -68 -0.12  -3.8 -0.11   1.6   2.9  -0.5 3bqwA
  63    4 AAcHNHA  1.757 1.00  TGFRDRP   31   39.6   54.1  -52  0.08  -3.5 -0.39  -0.0   0.2  -2.4   32  -65.6  -21.8 -151 -0.34  -1.7 -0.30   1.7   2.9  -0.5   33  -89.0  -21.4   52 -0.03  -5.7  0.05   0.1   0.3   0.5 1h9dB
  64    4 AAcHNHA  1.765 1.00  PLNNRET  155  -89.1  108.9 -172 -0.38  -3.8 -0.36   0.4  -1.0   0.3  156  -74.2   -2.7   58  0.41   4.3 -0.15   0.4   1.2  -1.3  157  -77.8  -14.7  -58 -0.50  -4.5 -0.07   0.3   0.8   0.3 2i5nC
  65    4 AAcHNHA  1.769 1.00  RFMEEHS  100   50.0   41.9  -80  0.66   2.6 -0.49   0.4   1.0  -2.0  101  -63.1  -22.2   63 -0.57  -3.6 -0.33   0.6   2.1  -1.4  102  -87.6   -1.5  -53 -0.44  -4.1 -0.04  -0.2   0.5   0.3 1vp2A
  66    4 AAcHNHA  1.806 1.00  TANYNRL  443  -79.6  105.5 -174  0.33   0.4 -0.16   0.2  -1.1  -0.5  444  -67.4  -10.4  -81  0.15   3.1 -0.24   0.9   2.5  -0.9  445 -101.0    0.7  -58 -0.54  -4.0  0.03  -0.4   0.3   0.6 1rwhA
  67    4 AAcHNHA  1.816 1.00  SVTQKQP  163  -86.2  118.8  -57  0.50   3.2 -0.12  -0.8   0.9  -0.2  164  -58.8  -35.4  -68  0.75   3.0 -0.09   1.6   3.5  -0.1  165  -89.9  -10.3  -58 -0.79  -5.5  0.06  -0.0   0.2   0.5 2i9wA
  68    4 AAcHNHA  1.837 1.00  VSHRSHS   19 -169.8  156.0 -166  0.15  -0.8  0.33  -1.0  -0.1   1.8   20  -69.2  -20.6   54 -0.14   0.2 -0.34   0.6   2.1  -0.7   21  -77.5  -13.5   66 -0.74  -4.0 -0.01   0.5   1.5   0.4 1a12A
  69    4 AAcHNHA  1.845 1.00  VGDESQA  165  -85.3 -173.8   72 -0.01  -3.0  0.17   1.3  -1.7   0.5  166  -53.1  -32.3 -100  0.25  -3.3 -0.34   1.8   3.2  -0.4  167  -65.3  -14.8   71 -0.03  -2.7 -0.20   0.7   2.7  -0.3 1wleA
  70    4 AAcHNHA  1.855 1.00  IVNYKDS  167   57.2   52.5 -175 -0.50  -3.1 -0.31   0.3   0.8  -1.8  168  -59.5  -25.7 -179 -0.02  -1.1 -0.20   2.0   2.6   0.3  169  -67.4  -16.4 -154  0.01  -2.8 -0.30   0.9   2.3  -0.4 1nt4A
  71    4 AAcHNHA  1.884 1.00  SQDYENA   48  -87.3   68.4 -163 -0.96   0.1 -0.14   0.4  -1.4  -1.7   49  -59.2  -35.9  -59 -0.90   2.0 -0.37   2.6   2.9  -0.4   50  -72.4  -13.2  -64  0.13  -3.6 -0.05   1.0   2.3  -0.5 2uv0E
  72    4 AAcHNHA  1.898 1.00  TGDRSER  315  -79.0  125.7 -177 -0.43  -0.5  0.03   0.4   0.2   0.7  316  -94.6   -1.6  -47  0.80   4.8  0.08   0.9   1.1   0.1  317  -91.1  -14.6   70 -0.72  -5.6  0.00   0.2   0.3   0.5 1zbtA
  73    4 AAcHNHA  1.916 1.00  LGNESNC  107  -92.3   61.2  -57 -0.32  -0.3  0.32   0.2  -1.0  -1.8  108  -61.8  -41.5  -53  0.09  -0.1 -0.26   2.5   3.0  -0.2  109  -65.7  -18.1   72  0.00  -2.8 -0.27   0.8   2.8  -0.5 2hcyA
  74    4 AAcHNHA  1.923 1.00  cISRQFV   17  -61.2  135.7  166  0.21  -2.3 -0.07   0.8   0.3  -0.8   18  -60.2  -31.3   61  0.37   3.2 -0.24   1.2   2.8  -0.5   19  -72.4   -9.7   53 -0.26  -3.6 -0.19   0.5   1.5  -1.5 2fcwB
  75    4 AAcHNHA  1.949 1.00  GVPNENI  141  -59.2  127.9  -22  0.00   3.7  0.23   0.6  -0.2   0.0  142  -76.2  -16.4  -80  0.30   1.8 -0.30   1.1   2.3  -0.5  143  -75.6  -14.6   53  0.45  -4.2 -0.20   0.6   1.8  -1.6 1bj7A
  76    5 AcHNHAP  0.947 1.00  VDETYVP  495  -85.3   -8.3  -69  0.40   4.5 -0.00   1.0   1.4  -0.1  496  -94.4   -6.9   69 -0.59  -6.6  0.08   0.2   0.5   0.8  497  -65.0  126.4 -179 -0.68   1.3 -0.11  -0.7   1.5   0.5 1n5uA
  77    5 AcHNHAP  0.978 1.00  LNNRETP  156  -74.2   -2.7   58  0.41   4.3 -0.15   0.4   1.2  -1.3  157  -77.8  -14.7  -58 -0.50  -4.5 -0.07   0.3   0.8   0.3  158  -92.2  142.1  -61 -0.71  -2.6  0.14  -0.6  -0.8   0.9 2i5nC
  78    5 AcHNHAP  1.082 1.00  ALRSETG  269  -62.0  -22.6   69  0.01  -1.7 -0.23   0.7   2.2  -0.3  270  -97.0    9.9  -71 -0.79  -4.0  0.14  -0.2  -0.4   0.6  271  -65.5  140.4  -71 -0.72  -2.1 -0.18  -0.1   0.5  -0.0 1d3gA
  79    5 AcHNHAP  1.117 1.00  VScSNcK  143  -66.6  -10.6  -80  0.61   4.9 -0.09   1.1   1.8  -1.3  144  -71.3  -10.4   58 -0.32  -2.7 -0.13   0.5   2.4  -0.3  145 -107.2    3.3  -59 -0.49  -2.7  0.11  -0.4   0.2   1.4 1extA
  80    5 AcHNHAP  1.121 1.00  GDNERCP   41  -57.9  -26.6  -63 -0.27   3.3 -0.33   2.5   2.8  -0.3   42  -65.5  -25.0 -171 -0.24  -2.8 -0.26   1.0   2.6  -0.2   43 -116.5    8.4  -59 -0.63  -5.6  0.28  -0.7  -0.7   0.4 2dwuA
  81    5 AcHNHAP  1.122 1.00  ANYNRLP  444  -67.4  -10.4  -81  0.15   3.1 -0.24   0.9   2.5  -0.9  445 -101.0    0.7  -58 -0.54  -4.0  0.03  -0.4   0.3   0.6  446 -136.1   43.5  -66 -0.36  -3.8 -0.04  -1.3  -1.5   0.3 1rwhA
  82    5 AcHNHAP  1.146 1.00  VDKGQAP   96  -78.4   -2.9  -69  0.43   4.3  0.20   1.5   1.8  -0.0   97  -71.3   -4.8 9999  0.01  -1.7 -0.03   0.2   1.4  -0.0   98  -79.8  -14.6  -63 -0.75  -2.7  0.12  -0.0   0.8   0.4 1uscA
  83    5 AcHNHAP  1.250 1.00  VNYKDSP  168  -59.5  -25.7 -179 -0.02  -1.1 -0.20   2.0   2.6   0.3  169  -67.4  -16.4 -154  0.01  -2.8 -0.30   0.9   2.3  -0.4  170 -107.3    4.4  -70 -1.01  -4.7  0.06  -0.8  -0.1   1.1 1nt4A
  84    5 AcHNHAP  1.276 1.00  GAPDNVK   58  -64.7  -18.5   10  0.00  -2.4  0.13   0.2   1.4   0.2   59  -95.5   -2.3  -66 -0.05  -3.9  0.34  -0.8   0.5   0.3   60 -109.1  128.8  -80 -0.23  -2.6  0.17  -1.1  -0.7   2.2 1olrA
  85    5 AcHNHAP  1.281 1.00  SHRSHST   20  -69.2  -20.6   54 -0.14   0.2 -0.34   0.6   2.1  -0.7   21  -77.5  -13.5   66 -0.74  -4.0 -0.01   0.5   1.5   0.4   22  -73.3  135.5  -66 -0.53   0.5  0.10  -0.1   0.8   1.0 1a12A
  86    5 AcHNHAP  1.281 1.00  GNESNCP  108  -61.8  -41.5  -53  0.09  -0.1 -0.26   2.5   3.0  -0.2  109  -65.7  -18.1   72  0.00  -2.8 -0.27   0.8   2.8  -0.5  110  -89.7    3.3  -45 -0.84  -3.1  0.06  -0.7   0.5   0.5 2hcyA
  87    5 AcHNHAP  1.298 1.00  VDSKQSA  228  -75.6  -12.3   61  0.45   4.4 -0.32   0.2   2.5  -0.9  229  -79.5   -9.1   74 -0.55  -4.7  0.03  -0.0   1.6  -0.4  230  -98.1  146.7  -54 -0.81  -1.5  0.31  -0.5  -1.0   1.0 1nofA
  88    5 AcHNHAP  1.321 1.00  IDYSRLP   18  -63.4   -9.6  -65 -0.29   2.6 -0.23   1.2   2.6  -1.0   19  -72.6  -20.9   64 -0.29  -2.4  0.25   0.7   2.6  -0.0   20 -105.0   -0.6  -52 -0.58  -3.1  0.01  -0.3  -0.6   0.6 1ro7A
  89    5 AcHNHAP  1.331 1.00  GWNSQPT  217  -71.3  -18.3  -70 -0.24  -3.1 -0.09   1.7   2.7  -0.3  218  -71.1  -12.3   71 -0.99  -5.4 -0.10  -0.4   1.7   0.2  219 -120.9  123.1   41 -0.78  -3.9  0.52  -1.7  -2.4   2.0 1rx0A
  90    5 AcHNHAP  1.367 1.00  KEccEKP  278  -89.4  -12.0  -90 -0.39  -4.7 -0.02   0.4   0.4   0.0  279  -81.3  -13.7  -81 -0.71  -3.1  0.10   0.3   0.2  -0.7  280  -96.1   -9.8  -54 -0.42  -4.0  0.02   0.0  -0.1   0.7 1n5uA
  91    5 AcHNHAP  1.371 0.00  SKESRVN   10  -70.0  -18.3 -164 -0.34  -2.9 -0.23   0.2   1.9  -0.1   11  -81.0  142.8  168 -0.55  -0.6  0.00   0.9  -0.4   1.2   12  -91.0    5.9  -52  1.02   2.7  0.06  -0.1  -0.1   0.3 1nu7D
  92    5 AcHNHAP  1.384 1.00  PPHRETP   65  -85.5    2.9   58 -0.02  -5.2 -0.08   0.5   0.4  -0.1   66  -98.3   -9.8  -76 -0.65  -3.8 -0.04  -0.2  -0.1   0.3   67  -85.8  154.0  -55 -0.80  -1.7  0.05  -0.5  -0.7   0.3 1yumA
  93    5 AcHNHAP  1.399 1.00  VDTTRCT    8  -61.5  -19.3   66 -0.11   3.0 -0.32   1.0   2.8  -0.4    9  -72.2  -14.5   72 -0.40  -3.9 -0.10   0.7   2.3  -0.4   10 -106.5   -3.6  -58 -0.58  -3.4  0.17  -0.2  -0.5   0.6 1h0hB
  94    5 AcHNHAP  1.413 1.00  TNEDELS   18  -68.0  -17.9  -71  0.62  -2.0 -0.24   1.6   2.9  -0.4   19  -81.7  -16.6  -63 -0.10  -4.2  0.17   0.5   1.5   0.7   20  -97.4  143.1  -67 -0.48  -3.4  0.92  -0.4  -1.4   1.6 2g6fX
  95    5 AcHNHAP  1.414 1.00  SLNEYTA  143  -68.4  -18.8   66  0.65  -3.3 -0.21   1.2   2.2  -1.6  144  -71.9   -5.9  -63 -0.31  -2.6 -0.23   0.6   2.1  -0.8  145  -98.0  -11.2  -67 -0.14  -5.7  0.09   0.1   0.5   0.3 3bp1A
  96    5 AcHNHAP  1.419 1.00  KNPDNRP   63  -49.4  -38.7  -31  0.00   4.0 -0.20   1.2   2.5   0.1   64  -62.4  -16.7  -74  0.99  -4.6 -0.07   1.1   2.3  -0.6   65  -98.5   -4.5  -67 -0.01  -3.8  0.06  -0.7   0.3   0.7 3bgaA
  97    5 AcHNHAP  1.443 1.00  IDQERVT  321  -52.8  -25.3  167  0.65   5.6 -0.35   1.3   3.0  -0.1  322  -82.9  -30.3  -49  0.23  -3.3 -0.10   1.4   2.0   0.0  323  -91.2   -8.2  -53 -0.68  -5.0  0.02  -0.1   0.1   0.4 1vz6A
  98    5 AcHNHAP  1.446 1.00  AKEKHIP   48  -69.1  -23.8  -60 -0.26  -2.0 -0.28   1.3   2.6  -0.6   49 -101.9   -8.9  -71 -0.71  -5.5  0.10   0.3   0.3   0.6   50 -114.1  -35.4  -76 -0.67  -6.7 -0.28  -0.3   0.2   0.9 1y07A
  99    5 AcHNHAP  1.449 1.00  IDRKQLP  520  -62.3  -29.4  -88  0.24   4.2 -0.36   1.4   3.6  -0.3  521  -81.9    6.3   65 -0.53  -4.3 -0.20   0.2   1.4  -0.9  522 -109.6   -5.0  -90 -0.49  -4.2  0.09  -0.5  -0.8   1.1 1amuA
 100    5 AcHNHAP  1.451 1.00  TCSQYCP   42  -63.4  -30.4  -51 -0.08  -1.8 -0.22   2.1   3.3  -0.2   43  -76.6  -16.8  -66 -0.41  -2.2 -0.21   0.5   1.7  -0.2   44  -96.1  -25.5  -91 -0.40  -6.3 -0.15  -0.0   1.2   1.1 1hfeL
 101    6 cHNHAPC  1.056 1.00  DERNRPL   23  -79.2   -8.7  -60 -0.21  -2.8 -0.18   0.3   1.6  -0.4   24 -117.7   13.4 -145 -0.25  -2.9  0.16  -0.4  -0.6   0.1   25  -66.7  135.7  132 -0.71  -0.5 -0.01  -1.5  -2.0   0.4 2f9dP
 102    6 cHNHAPC  1.107 1.00  MPDERPI   88  -74.1  -15.8  -67  0.20  -4.5 -0.18   1.5   2.1  -0.7   89  -82.4  -13.5  -60 -0.49  -3.9  0.00   0.4   0.7   0.4   90  -62.9  129.8  -60 -1.27  -1.4  0.13  -2.0  -1.6  -0.3 2bnmA
 103    6 cHNHAPC  1.182 1.00  TQSYcQA  158 -107.8    8.3  -60 -0.53  -2.3  0.31   0.1  -0.0   0.7  159  -63.6  -48.1  -82 -0.60  -3.1 -0.01   0.6   1.6  -0.3  160  -87.7  124.0  -62 -0.47  -2.8  0.24  -0.6  -1.3   0.8 2fp1A
 104    6 cHNHAPC  1.187 1.00  DQERVTI  322  -82.9  -30.3  -49  0.23  -3.3 -0.10   1.4   2.0   0.0  323  -91.2   -8.2  -53 -0.68  -5.0  0.02  -0.1   0.1   0.4  324  -75.2  136.2  -63 -1.00  -0.3  0.05  -0.4   0.9   0.3 1vz6A
 105    6 cHNHAPC  1.195 1.00  HSKEAAA   76  -57.7  -27.6  -68 -0.20  -0.8 -0.35   2.3   3.5  -0.1   77  -70.3  -19.4   61  0.03  -6.5  0.00   0.1   0.8  -0.6   78  -86.0  144.5 9999 -0.55  -0.5  0.08  -0.2   0.2   0.8 1imjA
 106    6 cHNHAPC  1.198 0.00  DHQNEQV   71  -69.3  -20.0  -35 -1.05  -3.9 -0.14   0.5   1.5   0.0   72  -66.9  149.4  -79 -0.78  -2.6 -0.12  -0.2   0.6   0.3   73  -72.0  149.3  -67  0.25   0.3  0.03   0.4   0.8   0.5 2ew2A
 107    6 cHNHAPC  1.202 0.00  NEKRLEA   52  -86.7    0.8  -60 -1.06  -5.4  0.03  -0.4  -0.1   0.5   53  -64.5  133.8  175 -0.70   0.7 -0.22  -0.6   0.3   0.2   54  -81.5  122.1  175  0.12   5.5  0.31  -0.4   0.0   0.7 1sraA
 108    6 cHNHAPC  1.207 1.00  WPRQIPI  209  -79.2   -6.4  -68  0.12  -3.5 -0.00   1.2   2.3  -0.3  210  -97.6   -9.6  -63 -0.23  -4.4  0.17   0.4  -0.2   1.1  211  -63.2  128.8  -52 -0.82   1.2  0.36  -1.3  -0.3   0.3 1mj5A
 109    6 cHNHAPC  1.216 1.00  PEEELPV  450  -73.3  -12.9   26  0.41  -5.6 -0.15   0.7   1.8  -1.8  451  -89.3   -7.1  -65 -0.57  -3.8  0.01   0.1  -0.1   0.3  452  -74.0  148.2  -58 -1.03  -0.3  0.02  -2.2  -1.3  -0.7 2v0cA
 110    6 cHNHAPC  1.222 1.00  RNKQLKV   59  -66.4  -13.7  -73 -0.47  -1.8 -0.18   1.1   2.4  -0.4   60  -94.3   -7.4  -51 -0.83  -4.6  0.01   0.2  -0.2   0.7   61  -59.9  132.9  -57 -1.11  -0.2 -0.22   0.2   0.7   0.1 1za7A
 111    6 cHNHAPC  1.222 1.00  NYSRGTA   92  -65.7  -14.5   64  0.09  -1.4 -0.23   0.8   2.6  -0.4   93 -103.3   15.8  -67 -0.65  -3.1  0.23  -0.2  -0.3  -0.2   94  -65.3  142.6 9999 -0.40  -1.8  0.17  -1.8   0.8   0.3 1zk5A
 112    6 cHNHAPC  1.222 1.00  IKSQVTI  296  -65.0  -25.1  -47 -0.71   0.8 -0.19   0.2   3.4  -0.1  297  -98.9  -15.7  -63 -0.38  -4.5  0.06  -0.2  -0.2   0.8  298  -76.6  125.2  -63 -1.18  -1.0  0.03  -0.9   0.1   0.2 2jg5A
 113    6 cHNHAPC  1.238 1.00  DEREVTT  207  -59.7  -25.5  -57 -0.67  -3.1 -0.25   1.5   3.0  -0.4  208  -95.0  -13.5  -64 -0.74  -4.9  0.07  -0.1   0.1   0.6  209  -77.3  125.0  -53 -0.87  -0.5 -0.07  -0.2   0.7   0.1 1gttA
 114    6 cHNHAPC  1.252 1.00  LKTRATA  255  -75.6  -26.8   65  0.38  -2.8 -0.21   1.5   3.0  -0.5  256  -86.7  -18.3  -76 -0.49  -3.7  0.08   0.1   0.8   0.6  257  -65.1  147.0 9999 -0.96  -1.4  0.15   0.2   0.6   0.3 2b6nA
 115    6 cHNHAPC  1.262 0.00  DNNQPDS   42  -82.0  -19.9  -61  0.09  -3.6  0.00   0.5   1.2   0.7   43  -93.9  153.0  -72 -1.16  -2.8  0.21  -2.4  -2.1  -0.8   44  -60.5  145.8  -33  0.00  -0.1  0.10  -0.2  -0.1   0.2 1t7rA
 116    6 cHNHAPC  1.266 1.00  DFSEVTF   88  -74.8  -27.1   59  0.18  -2.0 -0.13   0.9   3.1  -0.4   89  -93.4   -7.1  -71 -0.63  -3.4  0.04  -0.0   0.0   0.4   90  -72.8  125.0  -55 -0.86  -0.2 -0.29  -0.7   0.2  -0.0 3b2mA
 117    6 cHNHAPC  1.266 1.00  PYHNVRS  639  -99.5    1.8  -61 -0.67  -7.0 -0.27   1.0   0.9   0.7  640 -115.8   19.6  -72 -0.72  -5.2  0.29  -0.8  -0.4   1.2  641  -68.8  127.0  -57 -0.86  -0.2  0.05  -0.7   0.7   0.0 1yr2A
 118    6 cHNHAPC  1.272 1.00  LKRNAPA  270  -72.8  -27.6  -70 -0.58  -2.8 -0.15   1.1   2.6  -0.4  271  -87.8  -19.2  -74 -0.68  -4.7  0.07   0.1   1.1   0.9  272  -58.9  142.8 9999 -0.69  -1.2  0.02  -1.4  -1.0  -0.5 3boxA
 119    6 cHNHAPC  1.274 0.00  ANDHAAT  315  -93.3    6.2   62 -0.20  -7.3  0.04  -0.2  -0.8  -1.1  316  -80.6  141.1  -78 -0.79  -0.0 -0.05  -0.0   0.8   0.8  317  -63.4  139.3 9999  0.23   1.1 -0.09  -0.2   0.7   0.1 2yvvA
 120    6 cHNHAPC  1.282 1.00  TENHcQT  179  -76.6    7.6   64  0.38  -6.3 -0.22   0.2   1.1  -1.6  180 -104.9    7.1  -94 -0.05  -3.2  0.34   0.0  -0.8   0.4  181  -70.2  146.1  -82 -0.67  -1.2  0.07  -0.6   0.1   0.5 2ahxA
 121    6 cHNHAPC  1.284 1.00  DEDHSNL  132  -98.2   -9.1  -59 -0.32  -7.0 -0.14   0.3   0.9   0.4  133 -130.6  -24.4  -54 -0.60  -6.0  0.21  -0.4   0.4   2.2  134  -69.5  128.3  -67 -0.30  -1.7  0.07  -0.2   1.8   0.5 2bllA
 122    6 cHNHAPC  1.287 1.00  KKTEAKA   25  -71.8  -16.8   58 -0.01  -2.6 -0.05   0.9   2.4  -0.2   26 -101.1    6.2  -60 -0.69  -3.2  0.17  -0.2  -0.4   0.6   27  -65.1  118.6 9999 -1.11  -0.5  0.00   0.2   0.6   0.3 1npeA
 123    6 cHNHAPC  1.293 1.00  QNHQAKI  123  -70.5  -11.2   61 -0.19  -3.9 -0.09   0.6   2.2  -1.6  124  -88.9  -15.0  -53 -0.47  -3.0  0.15  -0.1   0.3   0.9  125  -69.5  143.4 9999 -0.54  -1.4  0.60  -0.2   1.0   0.2 2gk4A
 124    6 cHNHAPC  1.306 0.00  QRDYAKc   65  -73.7  -23.2  -65 -0.37  -3.5 -0.01   0.6   2.0   0.6   66  -65.0  144.4  -72 -0.80  -2.1  0.06   0.1   0.7   0.6   67  -60.9  151.0 9999  0.20   0.5  0.03   0.4   0.7   0.1 1h8pA
 125    6 cHNHAPC  1.308 0.00  EENcQKL  182  -92.6   15.3  -61 -1.06  -4.7  0.23  -0.6   0.2   0.5  183  -67.1  144.7  -73 -0.97  -0.7  0.02  -0.5   0.1   0.6  184  -77.2  125.0  173  0.08   1.8  0.38  -0.5   0.1   0.6 1moxA
 126    7 HNHAPCM  0.681 1.00  PTNVPIV  342  -92.6    3.2   57  0.37  -2.4  0.10   0.3  -0.5  -0.2  343  -73.1  134.5  -63 -0.62   3.7  0.02  -1.8  -1.2   0.5  344  -63.1  142.2   30  0.00   1.8  0.10  -0.6  -0.2   0.3 2oajA
 127    7 HNHAPCM  0.792 1.00  STDAPLL  400  -65.0  148.3  -76 -0.94   0.9  0.00  -0.0   0.6   0.5  401  -62.0  133.8 9999  0.32   0.8  0.05  -1.6  -1.1  -1.0  402  -66.4  131.2   18  0.00   0.2  0.15   0.6   0.0   0.3 1x38A
 128    7 HNHAPCM  0.805 1.00  NQRTPAP  241 -103.6  -30.2   73 -0.19  -6.5  0.12  -0.1   0.7   1.1  242  -64.3  133.7  171 -0.20  -0.4  0.10   0.1  -1.9   1.0  243  -68.2  -29.2  -19  0.00   3.8  0.00  -1.1   1.2   0.4 1mucA
 129    7 HNHAPCM  0.808 1.00  PSHAPVS  331  -76.2  123.3  170 -0.77   1.2  0.03  -0.8   0.1   0.6  332  -70.2  123.8 9999  0.12   5.1 -0.07  -1.7  -1.7   0.0  333  -67.7  127.3  -12  0.00   2.3  0.29  -1.0  -0.2   0.2 1yj5A
 130    7 HNHAPCM  0.849 1.00  QRNVPAA   85 -110.0  153.1 -102 -1.11  -2.3  0.36  -0.4  -1.0   2.4   86  -67.1  145.3   65 -0.04  -0.1  0.10   0.5  -1.2  -0.5   87  -49.4  -46.3  -35  0.00   0.1 -0.51   0.8   2.4  -0.3 1w9cA
 131    7 HNHAPCM  0.857 1.00  NDFSPAc   57  -69.0  145.0  -70  0.16  -0.9  0.03   0.3   1.3   0.7   58  -74.6  169.2   74  0.42   1.2  0.14  -1.3  -1.4   0.3   59  -55.0  141.9  -26  0.00  -1.6  0.18  -0.4  -0.6   0.2 1thgA
 132    7 HNHAPCM  0.894 1.00  KDQTPFM   68  -91.9  161.2  -69 -0.74  -1.4  0.34  -0.1  -1.4   1.3   69  -57.9  139.6  -62  0.05  -0.9 -0.02  -1.8  -0.5   0.9   70  -51.6  143.9  -26  0.00   2.1  0.13  -0.1  -0.0   0.2 2bmbA
 133    7 HNHAPCM  0.916 1.00  YNNAPIQ  247 -105.8   -4.9  -56 -0.77  -5.1 -0.06  -0.6  -0.1   0.9  248  -76.8  152.0 9999 -0.79  -0.2 -0.01  -0.6  -1.4  -0.4  249  -57.3  -28.9  -26  0.00   0.7 -0.10  -1.0   1.6   0.3 1d7oA
 134    7 HNHAPCM  0.920 1.00  NTFAPAT   17  -88.3  155.4  -57 -0.85  -0.2  0.06   0.1   0.0   1.3   18  -59.6  141.3 9999  0.41   0.6  0.10   0.4  -1.3  -0.9   19  -46.7  -43.7  -39  0.00   3.9 -0.20   0.9   2.7  -0.0 1h65A
 135    7 HNHAPCM  0.949 1.00  DNNCPIL   88  -90.7   -9.6  -75 -0.87  -3.6 -0.11   0.3   0.1   0.9   89  -63.0  132.5  180 -1.28   2.5  0.43  -0.5  -1.4  -0.5   90  -63.4  161.4  -31  0.00   2.3  0.18  -3.2  -0.4   0.6 1jf8A
 136    7 HNHAPCM  0.951 1.00  EGDAPKA  155  -88.2  -10.3  -69 -0.59  -2.9  0.10  -0.2   0.4   0.7  156  -64.1  144.2 9999 -0.61  -0.7  0.11  -1.5  -1.2  -0.4  157  -52.9  156.9  -21  0.00   0.5  0.14  -0.4  -0.6   0.4 1tc5A
 137    7 HNHAPCM  0.952 1.00  GLQTPSC   81  -80.4   -4.0  -61 -0.43  -4.6  0.00   0.1   0.5   0.3   82  -64.9  127.5  -57 -0.67  -0.0  0.06   0.3  -0.8   0.1   83  -57.8  -25.6  -36  0.00   1.3 -0.14  -0.0   2.3   0.3 2q4gW
 138    7 HNHAPCM  0.960 1.00  NEFAPMA   94 -111.2  152.9  -59 -0.52  -3.2  0.60  -0.0  -1.4   2.1   95  -61.4  149.6 9999  0.72   0.8  0.20   0.2  -1.0  -1.4   96  -55.9  -43.3  -27  0.00   3.7  0.00   0.9   2.5  -0.0 1eljA
 139    7 HNHAPCM  0.961 1.00  RDSAPIT   50  -97.6  141.8   62 -1.21  -3.9  0.22  -0.3  -1.9   1.4   51  -72.2  150.5 9999  0.37   0.8  0.17  -1.8  -1.0  -1.2   52  -73.8  153.9   28  0.00  -0.3  0.23  -1.2  -0.5   0.4 1tc5A
 140    7 HNHAPCM  0.976 1.00  EKESPRI  102  -81.4  147.0  -36  0.24   4.3  0.09   0.3   0.3   0.8  103  -76.9  156.4  -74  0.28   0.7  0.33  -2.0  -0.7  -0.3  104  -77.8  134.1   29  0.00   0.1  0.47  -0.4  -0.5   0.5 1aquA
 141    7 HNHAPCM  0.984 1.00  YKTCPKV    5 -101.3   -1.5  -49 -0.53  -4.2  0.16  -0.2  -0.3   0.6    6  -60.9  150.0  -76 -0.69  -0.9  0.03  -1.8  -0.1  -0.3    7  -68.3  168.4  -17  0.00   0.4  0.21  -1.4  -0.7   0.8 1o7dA
 142    7 HNHAPCM  0.998 1.00  AKHVPVI   49 -114.7  -33.3  -70 -0.76  -6.7 -0.08  -0.4   0.1   1.1   50  -76.3  121.4  -66 -0.73  -1.6  0.11  -1.7  -1.5   0.4   51  -62.4  140.0  -25  0.00   3.7  0.21  -1.8  -0.3   0.8 1vziA
 143    7 HNHAPCM  1.004 1.00  SDSSPVP  275 -107.0    8.5   65  0.42   2.2  0.12   0.2  -0.1   0.8  276  -66.1  135.2  -67 -0.76   1.6  0.02  -2.0  -0.7   0.1  277  -75.0  165.8   27  0.00   0.8  0.25  -0.7  -0.7   0.8 2debA
 144    7 HNHAPCM  1.012 1.00  QNSVPDI  211  -74.2  -20.2   57 -0.42  -4.8 -0.07   0.3   1.2   0.1  212  -66.4  138.5  -71 -0.62   3.9  0.06  -1.5  -0.9   0.4  213  -73.4  179.1   32  0.00   0.8  0.17  -1.0  -0.8   1.0 1u2cA
 145    7 HNHAPCM  1.015 1.00  ESSSPDI  242  -95.1   12.1   67  0.13  -4.3  0.13   0.2   0.1   0.4  243  -64.2  132.2  174 -1.08   0.8  0.15  -0.0  -1.9   1.3  244  -65.0   -9.2   29  0.00   5.2  0.04   0.3   1.2   0.1 1wp9A
 146    7 HNHAPCM  1.032 1.00  EHRAPEF   58 -105.6    6.0  -85 -0.27  -3.3  0.08  -0.2  -0.6   0.2   59  -75.7  132.8 9999 -0.56   0.6  0.20  -0.1  -1.7   0.1   60  -47.4  -39.3  -35  0.00   4.1 -0.17   1.0   2.5   0.1 1k0dA
 147    7 HNHAPCM  1.066 1.00  EQMAPAE  131  -97.4  148.5  -62 -0.74  -2.4  0.29  -0.3  -1.1   1.1  132  -65.1  141.8 9999  0.13   0.4  0.10   0.5  -1.3  -0.8  133  -47.1  -39.0  -32  0.00   4.1 -0.15   1.1   2.5   0.1 2nyxA
 148    7 HNHAPCM  1.074 1.00  FRETPLR  200 -107.3   -2.0  -68 -0.78  -3.8  0.08  -0.2  -0.6   1.1  201  -68.6  131.4  -64 -0.91   0.9 -0.01  -1.9  -1.1   0.5  202  -57.7  142.8  -23  0.00   3.3  0.10   0.9  -0.2   1.0 1q0qA
 149    7 HNHAPCM  1.080 1.00  ATSVPVN  389  -73.5  -15.0   63 -0.88  -4.0 -0.15   0.2   1.7   0.1  390  -72.9  120.8  -60 -0.54   4.7 -0.05  -1.9  -1.4   0.4  391  -63.1  148.3  -21  0.00   4.2  0.06  -0.5  -0.3   0.1 1ua4A
 150    7 HNHAPCM  1.088 1.00  VSQVPSV   47  -74.2  -18.1  -72 -0.39  -3.2  0.01   0.6   1.4   0.4   48  -65.1  130.2  -56 -0.67   1.0 -0.10  -1.9  -0.9   0.5   49  -52.5  135.7  -32  0.00   3.0 -0.18  -0.0  -0.2   0.3 2ckiA
 151    8 NHAPCMP  0.474 1.00  SHLPLIP  205  -74.6  155.1  -62  0.46   0.5 -0.21  -1.4  -1.6  -1.5  206  -68.5  162.3   30  0.00  -0.1  0.29  -0.9  -0.7   0.9  207  -66.0  144.0  -74  0.20  -0.1  0.10   0.4  -0.0   0.4 1jihA
 152    8 NHAPCMP  0.537 1.00  KDFPANP   20  -76.9  129.8 -165  0.19   2.4 -0.01  -1.5  -1.1   1.0   21  -63.0  142.8   11  0.00   3.0 -0.09  -0.3  -0.5   0.2   22  -57.5  137.8 9999  0.17   1.3  0.07   0.3   1.4   0.2 1upsA
 153    8 NHAPCMP  0.545 1.00  ASLPAcP   16  -64.5  144.7  -79  0.24  -0.0  0.09  -1.5  -1.1  -0.8   17  -75.6  156.4   39  0.00   0.6  0.06  -1.1  -0.8   0.4   18  -65.0  154.4 9999  0.10   0.0  0.12   0.2   0.5  -0.0 2fy7A
 154    8 NHAPCMP  0.572 1.00  TQEPIFP  209  -73.4  152.2  -67 -1.00  -1.0  0.27  -2.3  -1.5  -0.8  210  -56.0  136.4  -31  0.00  -0.3  0.06  -1.2   0.2   0.3  211  -75.0  147.7  178  0.15   2.6  0.16  -0.5  -0.1   1.2 1v97A
 155    8 NHAPCMP  0.581 1.00  TDAPLLP  401  -62.0  133.8 9999  0.32   0.8  0.05  -1.6  -1.1  -1.0  402  -66.4  131.2   18  0.00   0.2  0.15   0.6   0.0   0.3  403  -72.1  -46.4 -178  0.40   2.3 -0.12  -0.5   2.4  -0.0 1x38A
 156    8 NHAPCMP  0.597 1.00  SSPPAVP   11  -61.9  124.9   25  0.00   0.0  0.16  -0.2  -0.7  -0.1   12  -58.3  142.6  -35  0.00   1.8 -0.03  -0.9  -0.1   0.4   13  -88.6  138.6 9999  0.06   1.8  0.38  -1.1  -0.7   1.0 1heiA
 157    8 NHAPCMP  0.600 1.00  SSLPMTP  122  -58.0  140.5  -76  0.27  -0.2 -0.00  -1.3  -0.9  -0.2  123  -58.9  147.8   30  0.00   0.8  0.26  -0.2  -0.2   1.1  124 -106.4   -3.1  -55  0.37  -0.9  0.01  -0.6  -0.5   0.4 2z4iA
 158    8 NHAPCMP  0.655 1.00  IQIPQcP  127  -72.3  127.8  -51  0.18   0.6  0.14  -1.7  -1.4   0.5  128  -75.1  139.5   35  0.00   2.2  0.14  -0.7  -0.5   0.4  129  -75.0  151.3  -70  0.09   0.0  0.10   0.4   0.1   0.5 1t61A
 159    8 NHAPCMP  0.662 1.00  NESPLRR  338  -74.7  157.0   62 -0.77  -2.5  0.16  -0.9  -1.3   0.1  339  -67.1  148.6  -14  0.00   0.5  0.16  -0.5  -0.4   0.1  340  -70.9  142.7  -88 -0.06   2.1  0.21   0.2   0.3   0.6 1jndA
 160    8 NHAPCMP  0.663 1.00  EELPVLL  452  -74.0  148.2  -58 -1.03  -0.3  0.02  -2.2  -1.3  -0.7  453  -74.6  157.8   27  0.00   0.4  0.30  -1.0  -0.7   0.6  454  -79.2  103.5  -61  0.23   2.3  0.19   0.0  -0.6  -0.6 2v0cA
 161    8 NHAPCMP  0.669 1.00  DSLPSLP   20  -69.0  136.8  -62 -0.93   0.3  0.13  -1.6  -1.1  -0.2   21  -70.1  151.0   33  0.00   1.3  0.18  -0.7  -0.7   0.7   22  -71.8  153.6  -58  0.23   0.3  0.35  -0.2   2.0   0.8 1xl7A
 162    8 NHAPCMP  0.671 1.00  SYKPIPS  305  -63.3  135.0  -84  0.41   0.2  0.22  -1.7  -1.1  -0.1  306  -65.0  159.6   22  0.00   0.8 -0.15  -1.2  -0.9   0.3  307  -59.5  134.4  -60  0.42   1.9 -0.00  -1.7  -1.1   0.4 2bibA
 163    8 NHAPCMP  0.675 1.00  DFSPAcM   58  -74.6  169.2   74  0.42   1.2  0.14  -1.3  -1.4   0.3   59  -55.0  141.9  -26  0.00  -1.6  0.18  -0.4  -0.6   0.2   60  -72.6  151.8 9999  0.21   1.2 -0.09   0.0  -0.0  -0.0 1thgA
 164    8 NHAPCMP  0.677 1.00  QKMPLQE  332  -76.4  140.1  -64  0.79   0.2  0.31  -2.1  -0.2  -0.3  333  -69.4  149.2   25  0.00   0.1  0.24  -0.5  -0.4   0.2  334  -74.9  135.8  -55 -0.27   2.2  0.35   0.1   0.4   1.1 1pmiA
 165    8 NHAPCMP  0.684 1.00  NNCPILP   89  -63.0  132.5  180 -1.28   2.5  0.43  -0.5  -1.4  -0.5   90  -63.4  161.4  -31  0.00   2.3  0.18  -3.2  -0.4   0.6   91  -62.7  120.3  -64 -0.21  -0.6 -0.17  -0.2  -1.6  -2.6 1jf8A
 166    8 NHAPCMP  0.684 0.00  SSSPDIP  243  -64.2  132.2  174 -1.08   0.8  0.15  -0.0  -1.9   1.3  244  -65.0   -9.2   29  0.00   5.2  0.04   0.3   1.2   0.1  245  -85.0   -9.0  -77 -0.29  -3.6  0.03  -0.2   0.7   0.9 1wp9A
 167    8 NHAPCMP  0.685 0.00  FSAPHWP  209  -73.9  154.1 9999 -0.59   0.6  0.08  -0.1  -1.2  -1.0  210  -90.9   46.5   38  0.00  -0.4  0.01  -1.8  -0.2  -1.7  211  -72.5  151.9 -166 -0.41   1.5 -0.07  -0.6   0.5   0.9 1hdhA
 168    8 NHAPCMP  0.687 0.00  EKYPFQS  298  -65.7  133.7 -172 -0.67   2.0  0.18  -0.7  -1.0   0.7  299  -83.7   73.6   31  0.00   3.5  0.34  -1.0  -1.0  -2.8  300  -69.3  155.5  -65  0.04   3.4  0.45   0.2  -0.0   0.8 2hv2A
 169    8 NHAPCMP  0.690 0.00  PDTPWcP  271  -65.7  121.7  -54 -0.85   1.5 -0.06   0.1  -1.3  -0.0  272  -68.5  -30.5   17  0.00   2.8 -0.14   0.5   2.3   0.1  273  -75.6   -6.3   56 -0.50  -5.8  0.01   0.3  -0.1  -0.0 2j0aA
 170    8 NHAPCMP  0.699 1.00  LQVPLPP  101  -76.7  128.3  -57 -0.83   1.0  0.09  -1.5  -1.4   0.4  102  -79.3  154.0   37  0.00   2.9  0.36  -0.9  -0.5   0.6  103  -79.5  140.9 -177  0.19   0.7  0.45  -0.7  -2.2   0.5 1sesA
 171    8 NHAPCMP  0.703 1.00  DQFPARP   62  -80.4  125.2  -55 -0.85  -2.0  0.12  -1.7  -1.6   0.4   63  -74.7  170.2   31  0.00   1.2  0.18  -0.9  -0.8   0.8   64  -59.7  148.7 9999  0.14  -0.1 -0.09  -0.6   0.9   0.2 2p25A
 172    8 NHAPCMP  0.710 1.00  EDIPREP   11  -70.8  126.4  -58  0.21   2.6  0.08  -1.7  -1.3   0.4   12  -59.9  135.4  -24  0.00   2.8  0.18  -0.0   0.1   0.4   13 -107.7    1.8  -77  0.66  -1.2  0.25  -0.2   0.1   0.8 1tp5A
 173    8 NHAPCMP  0.728 1.00  GGQPVMP  388  -85.6  158.4  -64 -1.09  -0.9  0.26  -2.5  -1.8  -1.2  389  -59.9  141.9  -32  0.00  -0.5  0.05  -0.3  -0.1   0.2  390  -64.6  134.6  -54  0.10   2.8 -0.09   0.2   0.4   0.3 1hfeL
 174    8 NHAPCMP  0.729 1.00  SHVPILA  194  -73.7  123.1  -63 -0.95   0.2  0.02  -1.6  -1.3   0.3  195  -61.7  135.2  -19  0.00   4.2  0.11  -0.3  -0.1   0.3  196  -65.6  143.4  -93 -0.08   2.9  0.07  -0.1   0.1   0.7 1z98A
 175    8 NHAPCMP  0.737 0.00  SQLPFKE   35  -75.4  144.6  -58 -0.76  -1.1  0.08  -0.4  -1.4  -0.5   36  -75.4   57.3   36  0.00   0.9  0.22  -1.2  -0.5  -2.6   37  -63.7  149.1  -76 -0.28   2.2  0.26   0.2  -0.1   0.8 1kteA
 176    9 HAPCMPP  0.382 1.00  SLPAcPE   17  -75.6  156.4   39  0.00   0.6  0.06  -1.1  -0.8   0.4   18  -65.0  154.4 9999  0.10   0.0  0.12   0.2   0.5  -0.0   19  -67.5  147.9  -62  0.38   0.2  0.14  -2.0  -0.1  -0.5 2fy7A
 177    9 HAPCMPP  0.482 1.00  cTKcHKG   22  -72.2  155.0  -67  0.13   2.3  0.20   0.7   0.2   0.7   23  -76.8  145.7  -72  1.01  -0.3  0.28  -0.3   0.1   0.6   24  -71.1  149.8 -169  0.38   2.3  0.15  -0.5   1.3   1.2 1extA
 178    9 HAPCMPP  0.493 1.00  EAEALPG  101  -81.2  153.1  -65  0.35   1.4  0.10   0.3   0.2   0.6  102  -70.9  144.2 9999  0.19   0.5  0.33   0.4   0.3   0.1  103  -77.2  155.3  -74  0.49   1.0  0.09  -2.3  -1.7  -1.4 2i33A
 179    9 HAPCMPP  0.503 1.00  cHScRGP   58  -66.3  138.4  -35  0.41   2.1  0.05   0.2   0.7   0.6   59  -77.6  146.7  -84  0.53   1.6  0.50  -0.3  -0.2   0.5   60  -64.1  151.8   70  0.12   0.5 -0.02  -0.6  -0.5   0.1 2uwiA
 180    9 HAPCMPP  0.523 1.00  SARALTD   74  -72.2  155.3   68  0.16  -0.5 -0.14  -0.5   0.2   0.2   75  -66.9  149.6 9999  0.11  -0.3 -0.00   0.2   0.4   0.1   76  -68.1  146.5  -61  0.56   1.1  0.08   0.9   0.3   0.1 2pvbA
 181    9 HAPCMPP  0.533 1.00  PKGALSP  181   84.3   10.4 9999  0.56   4.5 -0.11  -0.4   0.6  -0.1  182  -65.3  127.8 9999 -0.65  -0.8 -0.06  -0.4   0.4   0.1  183  -67.1  154.6  -55  0.28   0.8 -0.07   0.6   0.1   0.7 2yutA
 182    9 HAPCMPP  0.543 1.00  DVEAHPV  254  -88.8  113.7 -179  0.35   3.7  0.31  -0.6  -0.4   0.9  255  -77.8  143.5 9999  0.30   4.9  0.08  -0.6  -0.0   0.5  256  -63.6  136.0 -166  0.21   3.4 -0.18  -0.8  -1.0   1.0 1hdhA
 183    9 HAPCMPP  0.545 1.00  PTAAFKP  156  -56.3  143.2 9999  0.27  -2.3 -0.21  -0.1   0.5   0.1  157  -78.7  167.2 9999  0.13   0.8  0.17  -0.1  -0.3   1.2  158  -56.2  141.7  -70 -0.10  -1.3  0.04  -0.1   1.0   0.7 1l5aA
 184    9 HAPCMPP  0.555 1.00  NVGATAP   12  104.3  -24.6 9999  1.01   3.5  0.09  -0.5  -0.3   0.1   13  -74.5  151.3 9999 -0.38   0.2  0.07  -0.5   0.3   1.2   14  -79.7  131.2  -61  0.34   3.3  0.05  -0.5   0.8   0.5 1xvwA
 185    9 HAPCMPP  0.557 1.00  RRKARPV   16  -84.6  114.9  172  0.30   1.1  0.11  -0.0   0.2   0.7   17  -65.7  146.9 9999  0.35   5.1  0.23   0.2   0.4   0.3   18  -82.4  144.0  -57  0.23   0.5  0.38  -2.1  -2.5  -0.4 1v3yA
 186    9 HAPCMPP  0.582 1.00  AVAAAPP   34  -70.3  141.1 9999  0.78   3.1  0.04  -0.1   0.5   0.3   35  -93.7  150.5 9999  0.44   1.3  0.58  -0.3  -1.4   1.4   36  -56.8  138.2 9999  0.30   0.4  0.00  -1.8  -1.1  -1.0 1jkmA
 187    9 HAPCMPP  0.593 0.00  HSDATVA   40  -66.4  104.0 -174  0.68   4.2  0.00   1.4   0.0   0.4   41  -83.4   -0.7 9999  0.90   5.0  0.29   0.4   1.4  -0.2   42  -87.6   -9.0   63 -0.06  -6.0 -0.03   0.2   0.3   0.8 1w18A
 188    9 HAPCMPP  0.609 1.00  ECVAAPK  169  -87.6  141.9   66  0.04  -0.6  0.38  -0.0  -1.5   1.3  170  -82.3  163.1 9999  0.42  -1.6  0.14  -0.4  -0.6   1.4  171  -63.7  144.9 9999  0.27  -0.3  0.18  -1.9  -1.2  -1.5 1dnpA
 189    9 HAPCMPP  0.634 0.00  HVAAKPA  101  -66.8  148.3 9999  0.52   3.5  0.05   0.7   0.2  -0.0  102  -70.8  -30.7 9999  0.35   0.1 -0.11   0.2   2.2   0.1  103  -88.5  152.4 9999 -0.55  -2.4  0.26  -2.1  -2.4  -0.3 2c40A
 190    9 HAPCMPP  0.638 1.00  SPPAVPQ   12  -58.3  142.6  -35  0.00   1.8 -0.03  -0.9  -0.1   0.4   13  -88.6  138.6 9999  0.06   1.8  0.38  -1.1  -0.7   1.0   14  -64.5  120.5   85  0.04   2.3 -0.12  -0.6  -1.6  -0.4 1heiA
 191    9 HAPCMPP  0.644 0.00  NEDARSP  165  -26.0  159.4 -125  0.31   2.3 -0.16   0.7   1.0   1.4  166 -109.5   -8.8 9999  0.29   0.1  0.14   0.5   0.1   0.9  167  -89.5   11.3  -79 -0.57  -4.4  0.19  -0.5  -0.5   0.6 1iu4A
 192    9 HAPCMPP  0.647 1.00  YcQALPP  161  -78.2  153.5  -65  0.35   1.6  0.09   0.4   0.1   0.4  162  -64.3  146.6 9999  0.16   0.7 -0.01   0.2   0.5   0.3  163 -104.9  162.0  -47  0.13   1.0  0.41  -2.5  -2.7   0.0 2fp1A
 193    9 HAPCMPP  0.657 1.00  KLKAYPT   94  -74.0  147.7   12  0.12   0.5  0.01  -0.2   0.2   0.5   95  -50.4  133.8 9999  0.20  -0.1 -0.07  -0.3   0.8  -0.0   96  -78.1  138.0 -165  0.35   4.6  0.11  -1.5  -1.2   1.4 1o9rA
 194    9 HAPCMPP  0.657 1.00  KMPALPA  862  -63.1  156.3   30  0.00   2.8  0.21  -0.7  -0.5   0.6  863  -76.6  150.1 9999  0.28   0.4  0.22   0.0   0.1   0.6  864  -51.8  134.9  -76  0.12   0.3 -0.67  -2.2  -1.0  -0.4 1mswD
 195    9 HAPCMPP  0.658 1.00  DAVAAAP   33  -66.0  128.7  -66  0.24   0.3  0.26   0.3   0.9   0.2   34  -70.3  141.1 9999  0.78   3.1  0.04  -0.1   0.5   0.3   35  -93.7  150.5 9999  0.44   1.3  0.58  -0.3  -1.4   1.4 1jkmA
 196    9 HAPCMPP  0.663 1.00  FSPAcMQ   59  -55.0  141.9  -26  0.00  -1.6  0.18  -0.4  -0.6   0.2   60  -72.6  151.8 9999  0.21   1.2 -0.09   0.0  -0.0  -0.0   61  -65.7  159.3  -66  0.13   0.8 -0.12   0.0  -0.2   0.6 1thgA
 197    9 HAPCMPP  0.671 1.00  PSRAKAV   37  -71.1  144.2  168  0.10   4.9  0.04   0.2   0.2   0.3   38  -62.0  156.8 9999  0.16   2.8 -0.06   0.3   0.4  -0.1   39  -62.6  148.2  -83  0.34   0.4 -0.07   0.2   1.0   0.1 2qtvD
 198    9 HAPCMPP  0.674 1.00  ETTASPG   14   76.7   -4.8   82  0.89   2.3 -0.18  -0.9   1.6  -2.1   15  -66.9  143.0 9999 -0.30  -0.5  0.01  -0.3   0.5   0.6   16  -67.7  158.0  -61  0.31   2.0  0.12  -2.0  -0.6  -0.6 1g66A
 199    9 HAPCMPP  0.684 0.00  EFSAEER  104  -60.4  154.0  158  0.13  -1.5  0.16   1.4   0.4   0.8  105  -82.5  -11.2 9999  0.43   1.5 -0.01   0.2   0.5   0.5  106  -66.6  142.5  -65 -0.25  -1.2  0.09  -0.1   0.7   0.5 1cs6A
 200    9 HAPCMPP  0.690 1.00  LPTAAPE  338  -84.5  133.6  -63  0.17   3.7  0.08  -0.4   0.5   0.7  339  -59.6  148.7 9999  0.25   2.5  0.03  -0.2   0.5   0.1  340  -65.8  142.6 9999  0.25   0.8  0.10  -1.7  -1.1  -1.3 1q6zA
 201   10 APCMPPC  0.361 1.00  SASLPAc   15  -77.5  157.1  -57  0.38   1.7  0.19   0.6   0.2   0.7   16  -64.5  144.7  -79  0.24  -0.0  0.09  -1.5  -1.1  -0.8   17  -75.6  156.4   39  0.00   0.6  0.06  -1.1  -0.8   0.4 2fy7A
 202   10 APCMPPC  0.452 1.00  STSMPPA  267  -74.2  154.3   67  0.45   2.1  0.02  -0.2  -0.4   1.2  268  -69.3  153.2   70 -0.04  -1.7  0.21  -0.7  -1.2  -0.3  269  -50.5  133.3  -35  0.00  -0.2  0.16   0.0  -0.2   0.5 1bs0A
 203   10 APCMPPC  0.501 1.00  LPALPSL  311  -61.8  146.9 9999  0.12   0.7 -0.12   0.1   1.0   0.2  312  -67.1  124.1  -84  0.15   0.9  0.02  -1.8  -1.3   0.3  313  -68.1  155.9   27  0.00   2.1  0.02  -0.6  -0.8   0.3 1kv7A
 204   10 APCMPPC  0.530 1.00  TVCLPPA  120  -90.0  137.0  -54  0.03  -1.8  0.48  -0.0  -1.4   0.8  121  -77.4  151.5  -70  0.36   0.5  0.27  -1.5  -1.7  -1.1  122  -77.3  149.9   39  0.00   0.6  0.22  -0.9  -1.9   0.0 1rtfB
 205   10 APCMPPC  0.548 1.00  PPAMPTV  200  -59.1  143.7 9999  0.11   0.3 -0.14   0.3   1.1  -0.1  201  -63.0  154.0  -79  0.46   0.8  0.06  -2.2   0.1  -0.2  202  -63.6  134.6   23  0.00  -1.3  0.21   0.6  -0.2   0.5 2qecA
 206   10 APCMPPC  0.588 1.00  VVGLPDV  180  -97.3  178.7 9999  0.58   1.4  0.17  -1.9  -0.9   0.2  181  -65.3  147.1  -62  0.30  -1.2  0.22  -2.0  -1.1  -0.7  182  -64.6  148.6   26  0.00   0.1  0.08  -0.6  -0.3   0.3 1lv7A
 207   10 APCMPPC  0.599 1.00  VPCVPGS  130 -124.1  173.7  -78  0.42   2.6  0.88  -0.4  -0.8   4.1  131  -63.0  126.3  -65  0.51  -0.0  0.07  -1.5  -1.1   0.6  132  -69.9  150.3  -13  0.00   3.1  0.34  -1.3  -0.6   1.4 1dv1A
 208   10 APCMPPC  0.610 1.00  LPAQPQA   93  -69.7  150.5 9999  0.10   1.0 -0.09   0.2   0.7   0.0   94  -72.1  147.0  -55  0.26   0.2  0.21  -1.8  -1.8  -0.7   95  -56.6  131.9  -26  0.00  -0.1  0.16  -1.3   0.1   0.5 2b1yA
 209   10 APCMPPC  0.624 1.00  KRVQPCS    5  -96.4  119.0   92  0.52   1.6  0.82  -0.3  -1.1   1.2    6  -72.9  151.3  -59  0.65   2.5  0.20  -1.8  -1.5  -0.6    7  -64.0  153.4  -19  0.00  -0.1  0.13  -1.0  -0.3   0.3 2pa9A
 210   10 APCMPPC  0.627 1.00  SPLLPPK  176  -93.3  146.0  -28  0.06   2.3  0.28   0.4  -0.9   0.9  177  -73.5  145.4  -58  0.36   0.1  0.23  -2.4  -1.5  -1.1  178  -65.2  156.7   26  0.00   0.2  0.46  -0.8  -1.6  -0.1 1u3dA
 211   10 APCMPPC  0.634 1.00  LKTLPPT    7  -54.1  122.8  -55  0.19   0.9 -0.23   0.2   2.2   0.0    8  -65.2  158.3  -67  0.46   3.5  0.10  -2.2  -1.0  -1.2    9  -58.5  145.2  -33  0.00  -1.4  0.11  -0.0  -0.6   0.8 2czvC
 212   10 APCMPPC  0.648 1.00  MEAVPES  501  -78.9  142.0 9999  0.47  -0.5  0.23   0.1  -0.4   0.4  502  -67.6  126.1  -56  0.37   2.9  0.01  -1.6  -1.2   0.5  503  -61.1  144.4  -19  0.00   3.5  0.13   0.5  -0.3   0.8 1ukcA
 213   10 APCMPPC  0.656 1.00  TKVLPQD  161  -97.1  130.3  -44  0.33  -0.0  0.52   0.1  -0.9   1.6  162  -64.5  144.3  -71  0.68   3.5  0.29  -2.0  -0.7  -0.6  163  -67.3  151.0   23  0.00   0.2  0.15   0.1  -0.4   0.9 2b7aA
 214   10 APCMPPC  0.659 1.00  TQTLPSD  394 -111.8  137.2  -52 -0.92  -0.3  0.49  -0.4  -0.6   2.1  395  -63.2  140.8  -57  0.49   3.7  0.20  -2.0  -0.8  -0.3  396  -65.7  144.9   24  0.00   0.4  0.14  -0.9  -0.5   0.8 1v4aA
 215   10 APCMPPC  0.670 1.00  QPVMPGV  390  -64.6  134.6  -54  0.10   2.8 -0.09   0.2   0.4   0.3  391  -69.6  149.3  -58  0.39   1.2  0.19  -2.4   0.5  -0.2  392  -60.8  144.0  -30  0.00   1.9 -0.17  -0.6   0.7  -0.1 1hfeL
 216   10 APCMPPC  0.675 1.00  LPILPPS  293 -109.2  113.5  -62  0.19   1.5  0.32  -0.8  -1.0   0.9  294  -94.1  147.7  -46  0.65   4.1  0.28  -2.3  -2.4  -0.7  295  -68.7  146.0   29  0.00   0.3  0.18  -0.8  -1.7  -0.2 1iqcA
 217   10 APCMPPC  0.684 1.00  EPSVPES 1080  -95.4  176.1  165  0.59   2.4  0.16  -0.7  -1.4   2.0 1081  -64.2  139.8  -39  0.21   0.7 -0.11  -1.8  -1.0   0.1 1082  -75.2  144.6  -34  0.00   0.9  0.15   0.2  -0.4   0.7 2a6hC
 218   10 APCMPPC  0.685 1.00  EPQLPAC   29  -92.5  146.9  -97 -0.35  -2.5  0.24  -0.4  -0.6   0.8   30  -70.0  147.2  -96  0.23  -0.0  0.20  -1.8  -1.1  -0.6   31  -59.9  133.4  -21  0.00   0.4  0.21   0.4  -0.0   0.8 2q1fA
 219   10 APCMPPC  0.687 1.00  VGILPKN  139  -90.0  110.1  -76  1.29   3.9  0.35  -0.2  -0.9   0.3  140  -71.0  141.6  -47  0.24   4.3  0.20  -2.0  -1.2  -0.5  141  -69.3  139.7   27  0.00   0.7  0.24   0.6  -0.4   0.2 1lluA
 220   10 APCMPPC  0.696 1.00  LKTLPDA  465 -135.8  136.5  -57 -0.46  -1.1  0.56  -1.3  -0.8   3.1  466  -66.1  135.4 -163  0.39   5.6  0.14  -1.6  -2.0   1.2  467  -62.2  145.2   26  0.00   2.0  0.19  -0.4  -0.1   0.5 2z81A
 221   10 APCMPPC  0.698 1.00  PGPQPTA  180  -57.0  149.8  -28  0.00   0.1  0.12  -0.4  -0.2   0.4  181  -65.9  157.1  -63  0.15   1.1  0.14  -1.7  -1.4  -0.9  182  -59.1  145.0  -29  0.00  -0.4  0.05  -0.8  -0.3   0.1 1g4mA
 222   10 APCMPPC  0.703 1.00  PETMPPQ   42 -102.7  -23.8   59  0.34   0.3  0.08   0.2  -0.2   1.0   43  -68.7  147.9  -68 -0.58   1.2  0.06  -2.0  -0.0  -0.1   44  -54.9  136.1  -28  0.00   0.4  0.15   0.2  -0.7   0.5 3b6iA
 223   10 APCMPPC  0.714 1.00  IPSMPPA  140  -86.0   -2.7   50 -0.28  -6.8  0.16   0.6   0.2   0.8  141  -75.1  144.1 -174 -0.81   0.7  0.14  -0.7  -1.6   1.0  142  -60.9  139.5  -30  0.00   2.3 -0.53  -0.2  -0.9  -0.1 1zdyA
 224   10 APCMPPC  0.724 1.00  cEMcPAV   91  -72.7  129.0  153  0.82   4.3  0.12   0.3   0.4   0.9   92  -61.2  139.9  -69  0.63   3.1  0.04  -1.7  -0.0  -0.5   93  -66.6  142.4   17  0.00   0.3  0.04  -0.0  -0.8   0.6 1uzkA
 225   10 APCMPPC  0.735 1.00  cAFQPPP   87  -67.8  130.8  -83  0.44   1.8  0.17  -0.2   1.3   0.8   88  -74.6  152.7  -68  0.96   1.2  0.28  -1.9  -1.3  -0.7   89  -62.1  149.9   23  0.00  -0.3  0.26  -0.3  -1.4  -0.0 1eteA
 226   11 PCMPPCY  0.503 1.00  PLSPPAL  516  -43.9  123.7  -66  0.30   2.6 -0.04  -1.6  -0.7   0.6  517  -60.5  152.1    2  0.00   2.1  0.22  -0.3  -1.4   0.0  518  -56.3  153.5    2  0.00  -0.3  0.10  -0.5  -0.5   0.2 1vbgA
 227   11 PCMPPCY  0.546 1.00  KTLPPTL    8  -65.2  158.3  -67  0.46   3.5  0.10  -2.2  -1.0  -1.2    9  -58.5  145.2  -33  0.00  -1.4  0.11  -0.0  -0.6   0.8   10  -48.7  -27.6   26  0.00   3.2 -0.17   0.8   2.1   0.1 2czvC
 228   11 PCMPPCY  0.549 1.00  PFFPPLY   24  -81.0  166.7  -82  0.56  -1.5  0.27  -1.8  -1.6   0.0   25  -60.8  149.0  -29  0.00  -0.0  0.38  -0.5  -1.1   0.0   26  -68.7  164.0   24  0.00  -0.8  0.02  -0.3  -0.9   0.8 2o9cA
 229   11 PCMPPCY  0.559 1.00  DGMPPAL  185  -61.5  130.3  -80 -0.60  -0.3  0.03  -1.7  -0.3   0.3  186  -68.9  155.5  -33  0.00   1.9  0.11   0.0  -0.5   0.9  187  -49.4  -44.1  -36  0.00   1.4 -0.19   1.1   2.6   0.0 1rrmA
 230   11 PCMPPCY  0.561 1.00  PALPPAW  263  -87.1  112.5 -180  0.03   2.2  0.45  -1.7  -2.6   1.5  264  -72.0  154.6  -12  0.00   6.5  0.30  -0.2  -1.9  -0.2  265  -61.7  147.1   20  0.00  -0.8  0.12   0.3  -0.3   0.6 2f2hA
 231   11 PCMPPCY  0.585 1.00  PLIPPVI  104  -59.7  129.2 -170 -0.93   0.8  0.05  -1.4  -1.7   1.2  105  -72.7  120.0  -22  0.00   4.8  0.17   0.6  -0.8   0.1  106  -58.8  -31.4  -32  0.00   3.0 -0.15   0.5   2.5   0.3 1vicA
 232   11 PCMPPCY  0.588 1.00  TSMPPAQ  268  -69.3  153.2   70 -0.04  -1.7  0.21  -0.7  -1.2  -0.3  269  -50.5  133.3  -35  0.00  -0.2  0.16   0.0  -0.2   0.5  270  -49.4  -37.4  -39  0.00   2.4 -0.57   0.9   2.4  -0.2 1bs0A
 233   11 PCMPPCY  0.595 1.00  VCLPPAD  121  -77.4  151.5  -70  0.36   0.5  0.27  -1.5  -1.7  -1.1  122  -77.3  149.9   39  0.00   0.6  0.22  -0.9  -1.9   0.0  123  -72.3  141.9  -32  0.00   0.2  0.19   0.3  -0.4   0.9 1rtfB
 234   11 PCMPPCY  0.597 1.00  KALPPQN  185  -62.9  131.4  -76 -0.11  -0.0  0.10  -1.9  -0.8   0.2  186  -67.9  154.1  -29  0.00   1.2  0.20   0.3  -1.3   0.7  187  -52.4  -31.8   26  0.00   2.2 -0.25   0.9   2.3   0.3 1xdyA
 235   11 PCMPPCY  0.611 1.00  QLLPPSF  115  -65.6  137.1 -170 -0.92   1.2  0.26  -0.8  -1.5   1.3  116  -53.6  127.4  -33  0.00   4.2  0.17   0.0  -0.6   0.7  117  -73.3  -15.3   22  0.00   2.9  0.08   0.3   1.8   0.4 2etgA
 236   11 PCMPPCY  0.629 1.00  AFQPPPS   88  -74.6  152.7  -68  0.96   1.2  0.28  -1.9  -1.3  -0.7   89  -62.1  149.9   23  0.00  -0.3  0.26  -0.3  -1.4  -0.0   90  -50.9  139.3  -26  0.00   2.4  0.06  -0.6  -0.5   0.2 1eteA
 237   11 PCMPPCY  0.659 1.00  AALPPST  292  -65.4  144.6  -76  0.66  -0.2  0.12  -2.2  -1.2  -1.0  293  -67.2  146.1   23  0.00   0.0 -0.69  -0.9  -1.9  -0.7  294  -68.9  155.8   21  0.00  -1.5  0.23  -0.2  -0.7   0.8 2qtwB
 238   11 PCMPPCY  0.664 1.00  RACPPSA  385  -74.5  149.6 -175 -0.73  -0.5  0.17  -0.7  -1.6  -0.2  386  -73.0  152.2  -27  0.00   2.4  0.30  -0.4  -1.8  -0.0  387  -73.9  149.6   37  0.00  -1.9  0.17  -0.7  -0.6   0.5 2higA
 239   11 PCMPPCY  0.676 1.00  PPYPPAV  182  -60.7  145.8  -76 -0.00   0.5  0.06  -1.6  -0.8  -0.2  183  -64.8  157.8   19  0.00  -0.1  0.19  -0.3  -1.1   0.5  184  -57.2  -40.3  -13  0.00   2.5 -0.19   1.1   2.7   0.0 1u5kA
 240   11 PCMPPCY  0.678 1.00  PLPPPSD  168  -64.9  159.2  -18  0.00   1.4  0.30  -0.5  -1.5  -0.3  169  -65.0  154.4   26  0.00  -1.1  0.22   0.4  -1.0   0.5  170  -51.5  -39.8  -34  0.00   2.3  0.07   1.3   2.8   0.2 2p35A
 241   11 PCMPPCY  0.683 1.00  PDQPPYH   45  -67.2  121.7 -178 -0.56   0.1  0.18  -1.3  -1.7   1.1   46  -61.5  143.9  -26  0.00   5.9  0.82  -0.8  -0.8   0.4   47  -94.7   14.1   39  0.00   2.0  0.31  -0.3   0.8   1.3 1wzvA
 242   11 PCMPPCY  0.684 1.00  KLLPPAH  129  -75.5  145.7  -63 -1.00  -4.7  0.08  -2.1  -1.5  -0.3  130  -58.7  151.4  -22  0.00  -0.8  0.17   0.3  -1.1   0.8  131  -50.8  -47.7  -33  0.00   3.2 -0.15   1.1   2.7   0.0 2osaA
 243   11 PCMPPCY  0.700 1.00  DICPPSL  174  -68.0  124.5 -176 -0.75   0.3  0.09  -1.1  -1.3   0.7  175  -55.3  136.7  -28  0.00   3.3  0.05   0.1  -0.9   0.5  176  -55.5  -40.0  -28  0.00   2.6 -0.22   0.6   2.4   0.2 2p6pA
 244   11 PCMPPCY  0.706 1.00  PSPPPTY  317  -68.8  155.6  -26  0.00  -0.5  0.17  -0.4  -1.9  -0.6  318  -65.3  163.9  -26  0.00   0.2  0.17   0.2  -1.0   0.8  319  -59.3  -30.4  -32  0.00   1.7 -0.02   1.0   2.5   0.2 1tfzA
 245   11 PCMPPCY  0.707 1.00  TLLPPSL  247  -71.0  149.3  -59 -0.98  -3.3  0.07  -2.1  -1.4  -1.0  248  -57.4  143.0  -34  0.00  -1.1  0.18  -0.1  -0.9   0.6  249  -56.1  -32.3  -34  0.00   2.5 -0.15   0.7   2.4   0.3 1q20A
 246   11 PCMPPCY  0.715 1.00  SNVPPKF   36  -66.9  129.5  -58 -0.63   2.6  0.06  -1.7  -0.8   0.6   37  -59.4  143.8  -29  0.00   2.9  0.22   0.2  -1.0   0.9   38  -50.1  -41.8  -38  0.00   2.6 -0.16   1.0   2.8   0.3 1g2nA
 247   11 PCMPPCY  0.715 1.00  CVMPPSH   57  -77.5  135.3  -55  0.54   2.1  0.34  -1.8  -0.7  -0.5   58  -64.9  147.7   20  0.00  -0.1  0.21  -0.0  -1.2   0.8   59  -54.9  -34.1  -27  0.00   2.9 -0.40   0.4   2.1  -0.3 1vi9A
 248   11 PCMPPCY  0.721 1.00  EGIPPVN   55  -69.8  124.6  -68 -0.85   0.4  0.01  -1.8  -1.8   0.5   56  -69.2  150.2   35  0.00   3.3  0.25   0.3  -1.3   0.6   57  -60.2  -38.5  -34  0.00   2.0 -0.18   0.7   2.7   0.1 1tuaA
 249   11 PCMPPCY  0.728 1.00  TAPPPSF  236  -65.3  155.7  -14  0.00   0.4 -0.78  -1.0  -2.6  -0.7  237  -63.8  151.2  -15  0.00  -0.4  0.03  -0.1  -1.0   0.4  238  -56.0  -32.6  -26  0.00   2.2 -0.24   0.7   2.5   0.2 2og5A
 250   11 PCMPPCY  0.729 1.00  TLPPPSR  225  -60.2  153.4  -27  0.00   0.5  0.21  -0.4  -1.3   0.0  226  -64.3  148.3   26  0.00  -0.9  0.18   0.1  -0.9   0.5  227  -67.3  -17.7   25  0.00   2.2 -0.04   0.2   1.9   0.1 1q0rA
 251   12 CMPPCYW  0.552 1.00  LKPPGAY  242  -68.4  151.8   34  0.00   3.7  0.34  -0.2  -1.3   0.7  243  -55.6  -32.7   25  0.00  -0.1  0.07   1.6   2.4   0.3  244  -63.7  -28.3 9999  0.10  -3.7  0.05   1.6   1.7  -0.0 1wyuA
 252   12 CMPPCYW  0.609 1.00  RISPTHF   75  -74.1  162.2   64  0.43  -1.8  0.48   0.7  -0.9   0.2   76  -55.0  -20.1  -26  0.00  -1.1  0.07   0.5   1.9  -0.0   77  -57.7  -26.4   49  0.04  -5.0 -0.16   1.1   2.8  -0.4 1jniA
 253   12 CMPPCYW  0.647 1.00  PLSPSFQ   99  -86.1  152.6   76  0.61   1.6  0.56   0.5  -1.6   0.2  100  -51.8  -40.3  -35  0.00  -0.2 -0.10   0.7   2.6   0.1  101  -71.1   -7.8   63 -0.08  -5.6 -0.06   0.9   1.6   0.0 1xphA
 254   12 CMPPCYW  0.678 1.00  TLPPTLR    9  -58.5  145.2  -33  0.00  -1.4  0.11  -0.0  -0.6   0.8   10  -48.7  -27.6   26  0.00   3.2 -0.17   0.8   2.1   0.1   11  -79.8  -26.0  -54 -0.60  -3.5 -0.21   0.9   2.7  -0.2 2czvC
 255   12 CMPPCYW  0.693 0.00  CLPPADL  122  -77.3  149.9   39  0.00   0.6  0.22  -0.9  -1.9   0.0  123  -72.3  141.9  -32  0.00   0.2  0.19   0.3  -0.4   0.9  124  -50.5  -35.1 9999  0.45   3.0 -0.30   0.4   3.0  -0.8 1rtfB
 256   12 CMPPCYW  0.696 1.00  RLEPTEM  340  -57.8  149.2   59  0.32  -0.9  0.20   0.4  -1.1   0.0  341  -45.1  -48.7  -34  0.00  -0.2 -0.14   0.9   3.0  -0.1  342  -77.4  -13.7   62 -0.15  -5.1 -0.14   0.7   1.9  -0.6 1umgA
 257   12 CMPPCYW  0.716 0.00  QRNPIKF   81  -65.5  152.7  -74  0.46   4.2  0.37  -1.8  -0.9  -0.7   82  -52.4  139.2  -26  0.00  -0.1  0.12   0.4   0.0   1.0   83  -65.2  -22.6  -69  0.21   1.6 -0.30   1.9   2.6  -0.6 1w9iA
 258   12 CMPPCYW  0.719 1.00  AARPSHL   57  -72.5  138.4  -57  0.67   1.3  0.10   0.5  -1.7  -0.3   58  -50.7  -30.1  -33  0.00   0.9 -0.09   0.8   2.1   0.1   59  -60.8  -34.9   54 -0.04  -4.7 -0.33   2.2   2.9  -0.9 1a1xA
 259   12 CMPPCYW  0.758 1.00  CLSPSQL    5  -68.6  155.4   74  0.12   3.4  0.32   0.6  -1.3   0.2    6  -57.4  -24.9   15  0.00  -1.4 -0.14   0.3   1.7   0.0    7  -81.7  -31.7   69 -0.12  -4.4 -0.21   2.8   2.5  -0.6 2opwA
 260   12 CMPPCYW  0.763 1.00  VMPPSHL   58  -64.9  147.7   20  0.00  -0.1  0.21  -0.0  -1.2   0.8   59  -54.9  -34.1  -27  0.00   2.9 -0.40   0.4   2.1  -0.3   60  -65.0  -29.7   64 -0.21  -3.9 -0.23   2.3   2.9  -0.8 1vi9A
 261   12 CMPPCYW  0.792 0.00  ALPPAWS  264  -72.0  154.6  -12  0.00   6.5  0.30  -0.2  -1.9  -0.2  265  -61.7  147.1   20  0.00  -0.8  0.12   0.3  -0.3   0.6  266  -56.7  -34.6 9999  0.55   3.3 -0.25   2.4   3.2  -1.0 2f2hA
 262   12 CMPPCYW  0.797 0.00  IFHPSVF  130  -61.5  151.6  -50 -0.20   2.2  0.52  -1.3  -0.7  -0.4  131  -49.2  138.3  -29  0.00   0.8  0.23   0.6   0.3   1.1  132  -50.9  -35.0  -31  0.51   3.0 -0.23   2.1   3.4  -0.4 1fyhB
 263   12 CMPPCYW  0.825 1.00  PIPPTIY   60  -54.1  121.4  -26  0.00   2.6  0.10   0.3  -0.6   0.2   61  -62.2  -32.1  -30  0.00   2.9 -0.07   0.5   2.4   0.3   62  -65.3   -3.4   45 -0.14  -5.3 -0.18   1.2   1.6  -0.5 1n35A
 264   12 CMPPCYW  0.828 1.00  PLPPAVF  490  -57.6  140.0   22  0.00  -0.3  0.05  -0.2  -1.2   0.4  491  -60.6  -23.0   22  0.00   3.1 -0.34   0.6   2.3   0.1  492  -61.6  -30.2 9999 -0.01  -4.2 -0.27   0.9   2.9  -0.4 2d0oA
 265   12 CMPPCYW  0.836 0.00  VLKPAFL  472  -75.7  157.9  -75  0.53   3.3 -0.01  -2.4  -1.8  -1.1  473  -58.7  147.0  -21  0.00  -1.0 -0.13  -0.2  -0.8   0.5  474  -52.5  -41.7 9999  0.47   3.0 -0.41   2.2   3.1  -0.7 1djxA
 266   12 CMPPCYW  0.838 1.00  MFHPAYL  155  -74.8  138.7 -169  0.52   1.5  0.33   0.8  -1.0   1.8  156  -55.2  -34.7  -33  0.00   5.7 -0.07   1.1   2.2   0.1  157  -63.6  -34.5 9999  0.83  -4.1 -0.14   2.7   3.2  -0.5 1ui0A
 267   12 CMPPCYW  0.842 1.00  SPPPTYY  318  -65.3  163.9  -26  0.00   0.2  0.17   0.2  -1.0   0.8  319  -59.3  -30.4  -32  0.00   1.7 -0.02   1.0   2.5   0.2  320  -62.0  -35.1   51 -0.06  -5.2 -0.23   2.1   3.1  -1.0 1tfzA
 268   12 CMPPCYW  0.852 1.00  KVKPAYW  369  -94.7  170.3  -61  0.70  -0.2  0.41   0.3  -2.1   0.2  370  -54.6  -35.0  -32  0.00   0.5  0.09   1.0   2.5   0.2  371  -65.4  -29.0 9999  0.04  -4.4 -0.19   2.3   2.8  -0.7 1r85A
 269   12 CMPPCYW  0.857 0.00  ALPPSTH  293  -67.2  146.1   23  0.00   0.0 -0.69  -0.9  -1.9  -0.7  294  -68.9  155.8   21  0.00  -1.5  0.23  -0.2  -0.7   0.8  295  -66.8  -26.4  -55  0.32   2.5 -0.29   1.9   2.8  -0.4 2qtwB
 270   12 CMPPCYW  0.864 1.00  PVPPEFW  296  -65.5  157.4  -26  0.00   0.3  0.27   0.3  -1.2   0.6  297  -56.3  -39.9  -32  0.00   2.1  0.10   0.9   3.0   0.3  298  -55.7  -31.2  178  0.04  -3.2 -0.28   2.1   2.8  -0.5 1uzeA
 271   12 CMPPCYW  0.869 0.00  PPPPSFc  142  -62.2  156.5   26  0.00  -1.6  0.02  -0.8  -1.3   0.0  143  -49.9  142.9  -33  0.00  -0.1 -0.34  -0.4  -0.6  -0.2  144  -60.6  -27.8   64  0.55   3.5 -0.51   1.3   2.8  -0.6 1f32A
 272   12 CMPPCYW  0.872 1.00  RLKPHEF  113  -76.8  144.1  -50  0.74   0.8  0.16   0.3  -2.1  -0.7  114  -53.5  -32.5  -22  0.00   0.5  0.01   0.9   2.1   0.2  115  -68.2  -39.7 9999 -0.78  -2.7 -0.29   2.2   2.7  -0.3 2bl0C
 273   12 CMPPCYW  0.877 0.00  VQcPAEL  189  -69.5  131.4  -71  0.52   2.8  0.07  -1.5  -0.4  -0.5  190  -61.7  145.4  -20  0.00   1.9  0.17   0.3  -0.2   1.1  191  -55.8  -34.3 9999  0.64   3.4 -0.21   2.2   3.2  -0.8 2engA
 274   12 CMPPCYW  0.879 0.00  AFKPYQS  159  -65.3  147.6  -55  0.24   0.4  0.27  -2.0  -1.5  -0.9  160  -57.9  144.9   18  0.00  -1.5  0.33   0.5  -0.3   1.0  161  -61.3  -28.9 -175  0.49   4.5 -0.44   1.7   3.8   0.4 1l5aA
 275   12 CMPPCYW  0.881 1.00  TVPPVLM  213  -47.6  119.5  -35  0.00   0.1 -0.07  -0.1  -0.7   0.0  214  -49.6  -39.0  -36  0.00   2.4 -0.26   0.5   2.5   0.1  215  -58.4  -35.9 -172 -0.62  -4.7 -0.40   1.5   2.0  -0.8 1ualA
 276   13 MPPCYWE  0.639 1.00  IDPAWES  420  -65.9  -19.8   20  0.00   4.3  0.14  -0.4   1.4   0.2  421 -106.4   13.6 9999  0.36  -3.0  0.26   0.6  -0.2   0.4  422  -67.9  -16.1   88  0.37  -0.8 -0.17   0.5   2.0  -1.2 2qf2A
 277   13 MPPCYWE  0.710 1.00  VKPCDLH  182  -50.2  -40.7  -32  0.00   0.7 -0.01   0.9   2.7   0.2  183  -68.7  -11.5   60  0.03  -4.6 -0.13   0.9   1.7  -0.8  184  -95.8  -10.7  -70 -0.52  -3.4  0.09   0.2   0.4   0.9 2gz1A
 278   13 MPPCYWE  0.753 1.00  RKPAHLF   94  -96.4   28.5   40  0.00  -0.3  0.43  -0.3   1.0   1.1   95  -65.5  -10.0 9999  0.28   0.7 -0.07   1.2   1.8  -0.6   96  -68.5  -24.7   65  0.31  -2.3 -0.28   2.3   2.4  -1.5 1rp0A
 279   13 MPPCYWE  0.804 1.00  LPMAFWQ  157  -58.9  -29.1  -70  0.44   2.2  0.03   2.5   3.0  -0.3  158  -66.9  -24.7 9999 -0.14  -2.5 -0.15   2.2   2.9  -0.7  159  -62.5  -54.1 -174 -0.39   0.7 -0.34   1.0   3.3   0.1 1va6A
 280   13 MPPCYWE  0.864 1.00  FPPAQYD  205  -50.0  -32.6  -35  0.00   1.3 -0.18   0.9   2.7   0.2  206  -75.3  -11.8 9999  0.01  -4.8 -0.09   0.5   1.7  -0.5  207 -113.9   25.2  -60  0.43  -3.1  0.29   0.3  -0.6   0.5 1wzaA
 281   13 MPPCYWE  0.893 1.00  CPPAVYE  241  -46.2  -45.7  -39  0.00   3.2 -0.13   1.0   2.7   0.1  242  -68.0  -32.5 9999 -0.04  -4.4 -0.24   2.8   2.8  -0.6  243  -70.9  -35.7  -68 -0.21  -0.6 -0.41   1.7   3.9  -0.5 1bygA
 282   13 MPPCYWE  0.907 1.00  LDPALQR  371  -53.9  -37.0  -29  0.00   3.5 -0.16   1.0   2.7   0.0  372  -73.2  -32.9 9999 -0.06  -4.3 -0.17   2.6   2.9  -0.4  373  -82.7  -21.4  -67 -0.10  -1.3 -0.12   2.4   2.1  -0.0 1yj5A
 283   13 MPPCYWE  0.911 1.00  LPPAVFA  491  -60.6  -23.0   22  0.00   3.1 -0.34   0.6   2.3   0.1  492  -61.6  -30.2 9999 -0.01  -4.2 -0.27   0.9   2.9  -0.4  493  -99.1    3.6   66 -0.96 -11.4  0.28  -0.1  -0.9   0.0 2d0oA
 284   13 MPPCYWE  0.913 1.00  VKPAYWA  370  -54.6  -35.0  -32  0.00   0.5  0.09   1.0   2.5   0.2  371  -65.4  -29.0 9999  0.04  -4.4 -0.19   2.3   2.8  -0.7  372  -62.6  -48.3  164 -0.47   0.4 -0.65   1.0   3.1  -0.0 1r85A
 285   13 MPPCYWE  0.919 1.00  DQECYYQ   85  -54.3  141.4  -67  0.16  -1.2 -0.26   1.6   0.8  -0.2   86  -60.0  -27.6   60  0.73   1.2 -0.53   0.7   2.6  -0.7   87  -82.4   -3.5   47 -0.68  -3.9 -0.12   0.3  -0.2  -0.8 2nxpA
 286   13 MPPCYWE  0.921 1.00  KPScGWA   15  -67.8  -27.6 -165  0.76   3.4 -0.04   1.2   2.7  -0.7   16  -84.9   10.4  -55 -0.19  -4.0  0.18   0.4   0.1  -0.6   17  -89.8    3.8 9999 -0.08  -1.8  0.01  -1.0   0.1  -0.2 2engA
 287   13 MPPCYWE  0.924 1.00  LSPAWFE  243  -51.1  -36.7  -33  0.00   2.2 -0.04   1.1   2.6   0.1  244  -57.8  -35.8 9999  0.10  -4.6 -0.33   2.2   3.1  -0.9  245  -64.5  -33.0  -74 -0.39  -3.0 -0.32   2.4   3.1  -0.3 1ra6A
 288   13 MPPCYWE  0.934 1.00  PSPAMLH  140  -54.9  -31.0   30  0.00   2.4 -0.24   0.2   1.7  -0.4  141  -73.5  -11.2 9999 -0.65  -3.8 -0.42   0.8   1.5  -1.3  142  -74.0  -26.6  -80 -0.18  -2.4 -0.05   2.3   2.1  -0.6 1ypxA
 289   13 MPPCYWE  0.943 1.00  MPAATQS   61  -50.8  -41.6 9999  0.83   2.4 -0.01   2.2   3.0  -0.7   62  -64.3  -18.1 9999  0.09  -3.8 -0.19   0.8   2.1  -0.6   63  -88.2    3.8   67 -0.36  -3.8 -0.08   1.2   1.1   0.1 1jtdB
 290   13 MPPCYWE  0.951 1.00  VPPAEEK  190  -55.0  -35.6  -30  0.00   2.9 -0.01   0.8   2.6   0.0  191  -66.3  -24.5 9999 -0.10  -4.7 -0.27   0.9   2.2  -0.8  192  -99.5   -2.2  -49 -0.53  -3.9  0.03   0.8   0.1   0.4 2ffyA
 291   13 MPPCYWE  0.951 1.00  ESPAFYR  183  -77.6   -9.1   28  0.00   4.3  0.42  -0.1   0.9   0.2  184  -75.1   -8.5 9999 -0.08  -2.9 -0.20   0.3   1.5  -0.7  185 -118.7   34.7  -84 -0.38  -2.3  0.39   0.6  -0.9  -0.4 1qg8A
 292   13 MPPCYWE  0.960 1.00  FTPAQMQ   93  -53.3  -39.0  -32  0.00   1.4 -0.20   1.2   2.7  -0.0   94  -65.9  -33.3 9999  0.05  -4.6 -0.25   2.7   3.0  -0.6   95  -67.4  -44.0  -84 -0.92  -1.4 -0.24   3.1   2.9  -0.4 1lbaA
 293   13 MPPCYWE  0.960 1.00  MPPALKA  187  -49.4  -44.1  -36  0.00   1.4 -0.19   1.1   2.6   0.0  188  -68.1  -32.5 9999  0.05  -4.5 -0.24   2.5   3.0  -0.5  189  -72.1  -38.3 -178 -0.22  -0.7 -0.15   2.2   2.2  -0.3 1rrmA
 294   13 MPPCYWE  0.968 1.00  LPDASYE  109  -74.4  156.2  -75  0.28   0.3  0.09   1.4  -0.0   1.0  110  -57.1  -20.0 9999  0.70   0.3 -0.30   0.7   3.1  -0.6  111  -94.7   -3.3   64 -0.39  -6.1  0.07   0.1   0.4   0.6 2oq5A
 295   13 MPPCYWE  0.971 1.00  IHPCFDE  104  -64.1  -16.1  -18  0.00   1.3  0.03   0.1   1.9   0.1  105  -65.1  -22.5   67  0.09  -3.0 -0.26   0.8   2.3  -0.9  106  -85.4   -1.4  -60 -0.66  -3.3  0.03   1.6   1.6  -1.0 1wteA
 296   13 MPPCYWE  0.994 1.00  MPNAEYH  183  -60.3  135.2  -57  0.23   0.4 -0.10   1.7   0.8  -0.1  184  -61.6  -24.3 9999  0.86   1.7 -0.17   2.3   3.1  -0.6  185  -65.3  -29.0  -68  0.24  -2.1 -0.30   3.1   2.1  -0.4 2pfxA
 297   13 MPPCYWE  1.010 1.00  LAPALQA    7  -54.9  -34.9  -34  0.00   4.7 -0.20   0.9   2.2   0.0    8  -63.5  -22.6 9999 -0.00  -4.4 -0.17   0.8   2.4  -0.6    9  -96.7    5.4  -66 -0.66  -6.2  0.01   0.7  -0.3   0.1 2fr2A
 298   13 MPPCYWE  1.015 1.00  VDHAFWR  332  -65.6  -32.5  -72  0.56   1.0 -0.02   2.5   3.3  -0.3  333  -63.4  -34.0 9999  0.15  -1.8 -0.04   2.5   2.9  -0.9  334  -67.9  -40.2  180 -0.62   0.6 -0.31   1.5   3.5  -0.1 1wzlA
 299   13 MPPCYWE  1.019 1.00  LPPAVEK  132  -58.2  -24.5  -30  0.00   1.4 -1.11   0.6   1.8  -0.3  133  -57.9  -20.3 9999 -0.37  -4.8 -0.31   2.3   2.6  -0.5  134  -64.5  -19.0 -163  0.07  -2.6 -0.26   1.0   2.2  -0.2 1jakA
 300   13 MPPCYWE  1.023 1.00  VDPAWVD   54  -46.5  -34.9  -35  0.00   4.6 -0.09   1.0   2.7   0.1   55  -66.0  -19.8 9999  0.17  -4.4 -0.27   0.9   2.3  -0.7   56 -112.7  -15.1  -67  0.49  -3.7  0.17   1.3  -0.3   1.6 1uwmA
 301   14 PPCYWEG  0.665 1.00  PPAYMKS   87  -55.0  -37.3 9999  0.38   2.9 -0.36   1.4   3.0  -0.9   88  -76.7   -4.1   44 -0.72  -3.6  0.16   0.4   0.5  -1.2   89  -96.8   -3.7  -65 -0.54  -2.8  0.18  -0.4  -0.5  -0.5 1nofA
 302   14 PPCYWEG  0.726 1.00  PPPYTSG  233  -57.1  -29.7  -12  0.00   2.1 -0.34   0.5   2.0   0.1  234  -67.0  -13.0   63 -0.35  -4.9 -0.13   0.7   1.4  -1.6  235  -88.2    1.7   71 -0.92  -5.6 -0.14   0.1  -0.1   0.1 1dysA
 303   14 PPCYWEG  0.740 1.00  QECYYQD   86  -60.0  -27.6   60  0.73   1.2 -0.53   0.7   2.6  -0.7   87  -82.4   -3.5   47 -0.68  -3.9 -0.12   0.3  -0.2  -0.8   88 -100.5   -1.3  -68 -0.82  -2.8 -0.12   1.1   0.8  -0.2 2nxpA
 304   14 PPCYWEG  0.780 1.00  PLAYMRG  114  -54.6  -23.8 9999  0.15  -3.8 -0.12   1.7   2.9  -0.3  115  -84.5   -2.9  -77 -0.17  -3.9 -0.07   1.6   2.0  -0.9  116  -84.2  -23.4  -63  0.29  -4.6  0.13   0.4   1.9   0.2 3b85A
 305   14 PPCYWEG  0.868 1.00  PQScASG  213  -68.0  -24.9   61 -0.04  -1.5 -0.25   0.8   3.1  -0.6  214  -93.7   -6.7  -60 -0.65  -2.8  0.05   1.2   0.0   0.0  215  -71.2  -39.6 9999 -0.45  -2.0  0.00   2.4   3.3  -0.6 2d81A
 306   14 PPCYWEG  0.879 1.00  PAPFLHA  592  -65.2  -15.9   -8  0.00  -3.8 -0.01   0.5   1.9  -0.3  593  -92.7   -8.5  -67 -0.57  -4.8 -0.11   1.6   1.7  -0.4  594  -88.8  -30.5  -52 -0.44  -4.4  0.08  -0.1   1.1   0.9 2id0A
 307   14 PPCYWEG  0.884 1.00  PADHFDA  175  -78.9  -10.5  -60  0.11  -0.8 -0.06   1.9   2.0  -0.4  176  -72.5  -18.7   86 -0.53  -4.6 -0.13   0.1   0.4  -0.5  177  -70.9  144.1  -70 -1.23  -1.8 -0.39   1.4   0.3  -0.4 1vr3A
 308   14 PPCYWEG  0.900 1.00  PPYFMKG   13  -72.3  -10.0   59 -0.52  -4.5 -0.26   0.9   0.7  -1.5   14  -70.1  -18.0  -68 -1.57  -3.7 -0.71  -0.0   2.6  -1.6   15  -59.9  122.0  -63 -0.79  -2.0  0.08   0.1  -0.0   0.6 1oa8A
 309   14 PPCYWEG  0.948 1.00  PMAFWQA  158  -66.9  -24.7 9999 -0.14  -2.5 -0.15   2.2   2.9  -0.7  159  -62.5  -54.1 -174 -0.39   0.7 -0.34   1.0   3.3   0.1  160  -63.9  -35.2  -53 -0.36  -3.5 -0.34   2.1   3.1   0.1 1va6A
 310   14 PPCYWEG  0.984 1.00  PcSFLES   63  -65.3  -14.9   60  0.25  -2.8 -0.10   1.5   2.6   0.1   64  -68.3  -17.2   86 -0.06  -2.4 -0.06   0.9   1.4  -1.6   65  -77.6  -11.7  -70 -0.55  -1.2 -0.73   1.7   1.3  -0.6 1cnvA
 311   14 PPCYWEG  1.021 1.00  DETFFND  155  -83.0  -27.5  -55 -0.05  -1.4 -0.33   2.0   3.8  -0.1  156  -70.8  -23.2   65 -0.16  -4.1 -0.10   0.2   0.6  -1.3  157  -58.6  134.9  -76 -1.36  -0.7 -0.26  -0.4   1.1   0.5 2nvpA
 312   14 PPCYWEG  1.038 1.00  PAQWFES  131  -61.5  -29.0 -166  0.01   0.5 -0.14   2.7   3.1  -0.3  132  -63.0  -10.1  -74 -0.02  -2.5 -0.17   0.8   1.9  -0.5  133 -105.5    1.4  -63 -0.32  -4.3  0.21  -0.2  -0.4   0.2 1yq2A
 313   14 PPCYWEG  1.045 1.00  SPAWFEA  244  -57.8  -35.8 9999  0.10  -4.6 -0.33   2.2   3.1  -0.9  245  -64.5  -33.0  -74 -0.39  -3.0 -0.32   2.4   3.1  -0.3  246  -72.7  -37.4  -70 -0.20  -2.8 -0.21   2.6   3.8  -0.6 1ra6A
 314   14 PPCYWEG  1.064 1.00  TSSYYRG   76  -58.9  -24.2   73  0.01  -1.6 -0.12   1.9   3.0  -0.4   77  -58.5  -35.2 -170 -0.06   1.4 -0.62   1.1   3.2  -0.1   78  -83.2  -12.9  -57 -0.72  -7.8 -0.29   0.2   2.4  -0.1 2bcgY
 315   14 PPCYWEG  1.094 1.00  ATVFKSG   76  -59.9  -25.2 -170 -0.45  -2.8 -0.31   0.6   1.7  -0.7   77  -95.9    1.6  -57 -1.02  -5.8  0.14  -0.3   0.3  -0.2   78  -65.8  125.9  162 -0.54   0.8 -0.09  -0.1   0.2   0.5 1m7sA
 316   14 PPCYWEG  1.103 1.00  PPTYYQN  320  -62.0  -35.1   51 -0.06  -5.2 -0.23   2.1   3.1  -1.0  321  -61.4  -36.1  177 -0.41   0.8 -0.51   1.5   3.2  -0.3  322  -79.5  -25.0  -65 -0.34  -5.7 -0.24   2.6   4.0  -0.6 1tfzA
 317   14 PPCYWEG  1.140 1.00  PPSFcTV  144  -60.6  -27.8   64  0.55   3.5 -0.51   1.3   2.8  -0.6  145  -69.1   -9.0   58 -0.61  -4.3 -0.07   0.9   0.7  -1.7  146  -75.8  -13.7  -89 -0.62  -2.5  0.10  -0.8   2.1  -0.4 1f32A
 318   14 PPCYWEG  1.144 1.00  HPAYADG   34  -72.7  -25.7 9999  0.58  -3.6 -0.13   2.6   2.4  -1.0   35  -70.2  -45.9  176 -0.49  -0.2 -0.10   1.4   3.5   0.0   36  -67.3  -31.8 9999  0.02  -2.8 -0.24   1.2   3.0  -0.8 2nqtA
 319   14 PPCYWEG  1.144 1.00  TKAYYRG   73  -59.8  -31.2 9999 -0.10  -2.6 -0.18   1.7   2.9  -0.7   74  -55.4  -49.2  177  0.08   0.1 -0.29   1.4   3.4  -0.0   75  -81.4  -30.5  -68 -0.36  -6.5 -0.39   0.1   3.0   0.6 1z2aA
 320   14 PPCYWEG  1.150 1.00  PLTFLSG   56  -67.9  -16.6   48 -0.37  -6.7 -0.34   0.7   2.7  -0.1   57  -85.0   -7.7  -74 -0.92  -3.9 -0.12  -0.1   1.7  -0.0   58  -79.8  140.6  -61 -0.86  -2.2  0.16   0.5  -0.4   0.8 1f2tB
 321   14 PPCYWEG  1.171 1.00  PQDWYED   76  -60.6  -29.7   60  0.58  -0.5 -0.37   0.6   2.7  -0.9   77  -87.4   -2.9   54 -0.64  -6.3 -0.03   0.2  -0.1   0.2   78  -67.6  143.0  -77 -1.02  -0.3 -0.19  -0.0   0.9   0.7 2o3bB
 322   14 PPCYWEG  1.204 1.00  PPTFGDA  137 -120.4  171.1  -49  0.19   1.0  0.64   1.1  -1.4   2.9  138  -64.1  -27.7 -171  0.75   1.0 -0.58   1.2   3.1  -0.2  139  -63.8  -30.4 9999  0.09  -4.4 -0.31   1.3   2.0  -0.2 2jdiG
 323   14 PPCYWEG  1.224 1.00  KDSFFDD  311  -66.5  -23.0  -69  0.14  -1.3 -0.22   1.6   3.1  -0.2  312  -65.1  -24.8  169 -0.32   0.7 -0.55   0.6   3.0   0.1  313  -88.6    8.8  -63 -0.74  -7.7 -0.19  -0.4  -0.0  -0.3 1mg7A
 324   14 PPCYWEG  1.230 1.00  KPSYLEA  123  -58.8  -29.2   57 -0.12  -4.3 -0.09   2.3   2.7  -0.8  124  -69.2  -37.7  -67 -1.00  -3.1 -0.22   2.8   3.3  -0.2  125  -75.5  -29.2  -76 -0.23  -2.6 -0.36   2.0   2.7  -0.7 1o9gA
 325   14 PPCYWEG  1.246 1.00  TPKHLHS  389  -61.4  -39.3 -157 -0.24  -3.6 -0.36   2.3   3.1  -0.6  390  -70.4  -39.0 -169 -0.63  -0.6 -0.27   1.6   3.0   0.1  391  -66.5  -31.4  -69  0.21  -3.0 -0.31   2.0   2.7  -0.8 1uzeA
 326   15 PCYWEGE  0.809 1.00  cDVFQNE   78  -69.3  -19.1 -175 -0.31  -2.5 -0.36   0.6   1.8  -0.5   79  -91.2    8.5  -61 -0.67  -5.4  0.05   0.3   0.4  -0.4   80  -58.5  124.4  -76 -0.93  -1.4  0.01   0.1   1.1   0.3 2viuA
 327   15 PCYWEGE  0.886 1.00  PMYYRGS   75 -111.1  -34.0  -64 -0.41  -5.4 -0.31   2.0   1.2   1.4   76  -74.7  -33.5   71 -0.22  -3.1 -0.05   0.3   1.3  -0.6   77  -69.5  132.2  -79 -1.09  -0.7 -0.07   0.4   2.0  -0.2 1z0jA
 328   15 PCYWEGE  0.892 1.00  PSMYSGS   99  -72.2  -18.4  -70 -0.30  -1.7 -0.07   1.0   2.1  -0.9  100  -95.6  -27.3  -78 -0.42  -5.4 -0.12   0.3   1.3   1.1  101  -52.4  131.3  -62 -0.40  -2.2 -0.22   0.7   2.5  -0.3 1zm8A
 329   15 PCYWEGE  0.917 1.00  ANFYKDS   76  -66.4  -30.6  179 -0.51   0.3 -0.51   0.7   2.9  -0.1   77 -100.3   -1.7  -64 -0.65  -7.3  0.04   0.2   0.1   0.1   78  -65.3  140.3  -81 -1.11  -1.7 -0.02   0.3   0.6   0.5 1vhrA
 330   15 PCYWEGE  0.925 1.00  ASAFQGH   81  -68.5  -19.9 9999  0.15  -1.8 -0.15   0.9   2.4  -0.8   82 -103.8    6.4  -70 -0.22  -4.0  0.06  -0.3  -0.3  -0.1   83  -92.6  136.7 -167 -0.63   0.4 -0.29   0.5   1.4   0.2 2bkaA
 331   15 PCYWEGE  0.935 1.00  PIKFDGV   84  -63.7  -19.4   64  0.55  -4.0 -0.18   1.0   2.3  -0.6   85  -88.1   -1.8 9999 -0.56  -4.4  0.01   0.3   0.7  -0.4   86  -76.1  106.8  -73 -0.77  -1.3 -0.14   0.5   1.8  -0.9 1w9iA
 332   15 PCYWEGE  0.966 1.00  KAFFSGR   93  -67.1  -46.2  174 -0.34  -0.2 -0.16   2.0   3.7   0.2   94  -74.7  -22.5  -67 -0.25  -5.3 -0.31   0.8   3.5  -0.5   95  -85.9   -9.6   69 -0.47  -5.6  0.02   1.0   0.7   1.3 1iktA
 333   15 PCYWEGE  0.977 1.00  EAHWSGK   37  -69.5  -35.7 -175 -0.00  -1.1 -0.55   1.0   3.0  -0.7   38 -101.9    7.2  -76 -0.51  -7.5 -0.06  -1.3  -0.6   0.2   39   55.7   35.3  -70 -0.17  -4.6 -0.32  -0.4   1.2  -1.5 2p8iA
 334   15 PCYWEGE  0.977 1.00  AARFRGQ  106  -65.9  -16.8   72  0.05  -3.8 -0.18   0.4   1.7  -1.1  107  -99.2    3.3  -81 -0.22  -3.7  0.10  -0.2  -0.4  -0.1  108  -67.9  141.9 9999 -0.71  -0.7 -0.42   0.6   2.1  -0.1 2q04A
 335   15 PCYWEGE  0.984 1.00  PMYYRGA   75  -90.9  -32.5  -52 -0.93  -4.1 -0.58   1.1   1.7   1.0   76  -91.5  -15.3   67 -0.94  -4.8  0.04   0.2  -0.4   0.5   77  -65.7  127.8  165 -0.55  -0.2 -0.44   0.5   2.3  -0.5 1r2qA
 336   15 PCYWEGE  1.006 1.00  TAIFEGQ  251  -64.3  -23.9 -121 -0.56  -1.4 -0.53   0.9   2.8  -0.5  252  -95.3   -3.4  -55 -0.73  -6.1 -0.03   0.1   0.4  -0.2  253  -62.3  131.7  -88 -1.05  -2.9 -0.29   0.6   1.8  -0.6 1trbA
 337   15 PCYWEGE  1.024 1.00  PADWKGR  139  -66.6  -15.9  -51 -0.26  -1.1 -0.04   1.9   2.4  -0.0  140  -84.6    2.8  -71 -0.43  -5.6  0.09  -0.4   0.8  -0.5  141  -53.3  117.6  162 -0.62   0.5 -0.35   0.8   2.7  -0.5 3bgaA
 338   15 PCYWEGE  1.076 1.00  IAFYKGD  666  -66.1  -35.4 -178 -0.23  -0.2 -0.49   1.1   3.0   0.1  667 -105.0    6.3  -69 -0.65  -7.7  0.11   0.0  -0.4  -0.1  668  -57.7  124.1  -73 -1.24  -2.2 -0.24   0.6   2.3  -0.2 1gpuA
 339   15 PCYWEGE  1.080 1.00  PIYYRDS   75  -77.2  -47.3 9999 -0.62  -3.7 -0.59   1.8   3.1   0.7   76  -85.9    9.0   59 -0.91  -5.0 -0.13   0.4   0.1   0.2   77  -67.2  134.9 9999 -0.94   0.5 -0.29   0.1   1.0   0.1 1z08A
 340   15 PCYWEGE  1.109 1.00  SSYYRGS   77  -58.5  -35.2 -170 -0.06   1.4 -0.62   1.1   3.2  -0.1   78  -83.2  -12.9  -57 -0.72  -7.8 -0.29   0.2   2.4  -0.1   79  -57.7  126.3  -53 -1.01  -2.3 -0.26   0.4   2.0  -0.2 2bcgY
 341   15 PCYWEGE  1.109 1.00  QAKYRGR   63  -66.6  -15.3   72 -0.08  -4.2 -0.20   0.8   1.7  -1.5   64 -105.3  -17.7  -67 -0.31  -4.2  0.15   0.1   0.4   0.8   65  -68.2  117.1  -67 -0.96  -1.9 -0.10   0.5   2.0  -0.4 2pndA
 342   15 PCYWEGE  1.137 1.00  TAYYRGA   91  -80.7  -11.0  -67 -0.67  -4.6 -0.29   2.0   2.2  -1.2   92  -64.6  -30.7  -74 -0.70  -3.4 -0.01   0.8   3.6   0.1   93  -66.5  128.1 -179 -0.70  -0.8 -0.38   0.7   2.5  -0.6 2gf9A
 343   15 PCYWEGE  1.139 1.00  AAHFAGQ  115  -63.1  -39.6  180 -0.42  -1.0 -0.59   1.1   2.8  -0.9  116  -93.8    5.0  -72 -0.67  -8.1 -0.13  -0.1   0.2  -0.1  117  -58.8  126.4 9999 -0.86  -0.9  0.05   0.5   2.0  -0.6 1w32A
 344   15 PCYWEGE  1.141 1.00  AAYYQGA  583  -67.2  -40.0 -169 -0.01  -0.1 -0.45   0.7   3.2  -0.0  584 -107.9  -39.6  -64 -0.48  -7.1 -0.12   0.8   1.0   1.5  585 -109.7   22.2  -37 -0.08  -5.2  0.14  -0.5  -0.6   0.4 1k32A
 345   15 PCYWEGE  1.160 1.00  AAAFEGA  158  -74.1  -27.2 9999  0.40  -2.2 -0.22   2.0   3.0  -0.7  159  -80.1   -6.3  -79 -0.69  -3.9  0.14  -0.1   1.7  -0.4  160  -65.8  119.5  174 -0.33   0.2 -0.38   0.9   2.4  -0.6 1treA
 346   15 PCYWEGE  1.170 1.00  GSGYSGG   17  -88.2  -12.8 9999 -0.18  -0.7 -0.08   0.5   0.5  -0.2   18  -74.5  -29.4  -67 -0.48  -2.0 -0.13   0.3   2.3   0.3   19 -151.3  142.8  177 -0.36  -4.6  0.35  -1.0  -0.8   2.9 2bh0A
 347   15 PCYWEGE  1.172 1.00  PQKWNGH  210  -82.0  -36.9  172 -0.56  -2.5 -0.47   1.0   2.0   0.4  211 -109.1    2.2  -64 -0.59  -6.3 -0.05  -0.3  -0.9   0.5  212  -64.8  118.8 -173 -0.29   0.2 -0.10   0.8   2.2  -0.4 1xgkA
 348   15 PCYWEGE  1.183 0.00  ALYWDGK   84 -115.0  -38.8  -54 -0.21  -5.8  0.09   0.1   1.0   1.6   85  -54.7  129.8  -64 -0.77  -3.6  0.04   0.7   1.2   1.0   86 -137.3    6.7   67  0.70  -2.3  0.22   0.1  -0.8   1.1 1k5cA
 349   15 PCYWEGE  1.184 1.00  KLIFDGN  302  -63.4  -43.5  -66 -0.45  -2.5 -0.57   1.9   3.9  -0.5  303  -62.9  -28.1  -60 -0.28  -4.6 -0.10   1.2   2.3  -0.3  304  -89.4   12.4  -70 -0.30  -4.7  0.13  -0.2   0.1   0.6 2debA
 350   15 PCYWEGE  1.201 1.00  KALWTGQ  123  -62.6  -37.9  -62  0.09  -2.1 -0.36   1.8   3.0  -0.4  124  -83.1  -17.3  -87 -0.61  -4.2 -0.17   2.0   1.4  -0.1  125  -57.3  -40.7 -149 -0.48  -1.1 -0.21  -0.2   3.0   0.6 2gfoA
 351   16 CYWEGEc  0.926 0.00  AFYKGDK  667 -105.0    6.3  -69 -0.65  -7.7  0.11   0.0  -0.4  -0.1  668  -57.7  124.1  -73 -1.24  -2.2 -0.24   0.6   2.3  -0.2  669   85.2   -5.2 9999  0.56   1.8 -0.02  -0.9  -0.0  -0.0 1gpuA
 352   16 CYWEGEc  0.932 0.00  MYYRGSA   76  -74.7  -33.5   71 -0.22  -3.1 -0.05   0.3   1.3  -0.6   77  -69.5  132.2  -79 -1.09  -0.7 -0.07   0.4   2.0  -0.2   78   86.6    0.0 9999  0.67   2.0  0.04  -0.4   0.2   0.0 1z0jA
 353   16 CYWEGEc  0.956 0.00  DRFKGSP  121  -93.7   -6.5  -54 -1.08  -6.8 -0.02  -0.4   0.3  -0.1  122  -91.2  160.1  -69 -1.28  -1.9 -0.02   0.5  -0.1   1.1  123   88.8    1.0 9999  0.57   0.6  0.02  -0.6   0.2   0.0 2igsA
 354   16 CYWEGEc  0.960 0.00  ARFRGQQ  107  -99.2    3.3  -81 -0.22  -3.7  0.10  -0.2  -0.4  -0.1  108  -67.9  141.9 9999 -0.71  -0.7 -0.42   0.6   2.1  -0.1  109   89.9    3.1 9999  0.72   3.8  0.01   0.4   0.3   0.0 2q04A
 355   16 CYWEGEc  1.007 0.00  AHWSGKL   38 -101.9    7.2  -76 -0.51  -7.5 -0.06  -1.3  -0.6   0.2   39   55.7   35.3  -70 -0.17  -4.6 -0.32  -0.4   1.2  -1.5   40   72.6   17.7 9999  0.12  -5.9 -0.08   0.5   0.7  -0.1 2p8iA
 356   16 CYWEGEc  1.099 1.00  AAQSGKK  395  -77.0  -21.6  -68 -0.49  -1.7 -0.22   1.5   2.4  -0.7  396  -83.4   10.1 -111 -0.68  -5.3  0.08  -0.4   0.6   0.4  397   88.8   -7.0 9999 -0.31  -1.4 -0.05  -1.0   0.1  -0.0 2o8rA
 357   16 CYWEGEc  1.104 1.00  ARWNGRD   73  -67.1  -24.8  -77 -0.16  -1.9 -0.21   1.0   2.5  -0.4   74  -89.2   -0.7  -78 -0.49  -5.2  0.09  -0.0   0.0   0.7   75   80.3   11.8 9999 -0.00  -0.9 -0.05  -0.8   0.6  -0.1 1r4vA
 358   16 CYWEGEc  1.104 1.00  MIQDGHQ   56  -81.2    0.4  -77 -0.65  -4.9 -0.15   0.8   1.4  -0.4   57 -116.6   11.3  -90 -0.58  -5.6  0.23  -0.1  -0.6   0.9   58   91.1  -15.5 9999 -0.37  -2.1  0.01  -0.3   0.0   0.0 2rb4A
 359   16 CYWEGEc  1.117 1.00  LIFDGNE  303  -62.9  -28.1  -60 -0.28  -4.6 -0.10   1.2   2.3  -0.3  304  -89.4   12.4  -70 -0.30  -4.7  0.13  -0.2   0.1   0.6  305   87.1   17.6 9999 -0.21  -2.3  0.08   0.2   0.5   0.1 2debA
 360   16 CYWEGEc  1.124 0.00  ANFEGSY   35 -100.8   12.6  -66  0.13  -5.6  0.20  -0.4  -0.8  -0.3   36  -51.5  131.8 -167 -0.82   0.4 -0.56   0.6   2.0  -0.4   37   85.1   -2.9 9999  0.82   4.4 -0.03  -0.4  -0.0  -0.0 2ewfA
 361   16 CYWEGEc  1.127 1.00  AQTSGKE  151  -77.9  -30.5   60  0.15  -1.6 -0.22   1.5   2.8  -0.3  152  -93.3  -19.9   77 -0.22  -5.4  0.11   1.2   0.3   1.9  153   81.7   -2.7 9999 -0.16   0.3 -0.01  -1.0   0.4  -0.0 1wb0A
 362   16 CYWEGEc  1.131 0.00  AYMRGRT  116  -84.2  -23.4  -63  0.29  -4.6  0.13   0.4   1.9   0.2  117  -58.8  139.8  -84 -0.98  -2.0 -0.15   0.4   2.1   0.1  118   75.6    6.2 9999  0.47   1.6 -0.04  -1.2   0.4  -0.0 3b85A
 363   16 CYWEGEc  1.135 1.00  QSWSGKY  132  -92.3  -33.5  -61 -0.29  -3.1 -0.11   1.1   1.3   1.6  133 -133.5  -10.8   71 -0.62  -7.5  0.26   0.7  -0.1   2.8  134   85.2    1.8 9999  0.30   0.2 -0.08  -0.8   0.3  -0.1 1yb0A
 364   16 CYWEGEc  1.142 1.00  AFFSGRL   94  -74.7  -22.5  -67 -0.25  -5.3 -0.31   0.8   3.5  -0.5   95  -85.9   -9.6   69 -0.47  -5.6  0.02   1.0   0.7   1.3   96   89.6    2.5 9999 -0.75  -1.9 -0.32   0.4   0.3  -0.2 1iktA
 365   16 CYWEGEc  1.151 0.00  AYYRGAM   92  -64.6  -30.7  -74 -0.70  -3.4 -0.01   0.8   3.6   0.1   93  -66.5  128.1 -179 -0.70  -0.8 -0.38   0.7   2.5  -0.6   94   88.7   -2.0 9999  0.62   4.5 -0.42  -0.5   0.2  -0.1 2gf9A
 366   16 CYWEGEc  1.172 0.00  FKYRGKI  109  -85.2  -12.8   56 -0.81  -3.8 -0.11   0.4   0.3  -0.5  110  -59.2  125.7  -55 -1.09   0.5  0.25   0.8   2.3   0.0  111   86.6   -5.5 9999  0.86   3.2  0.11  -0.0   0.5   0.1 2hmzA
 367   16 CYWEGEc  1.173 1.00  VILSGKA   28  -86.9   -3.3  -61 -0.34  -4.9 -0.11   2.3   0.8  -0.1   29  -63.5  -28.7   69 -0.70  -4.1 -0.11   0.6   1.4   1.6   30   83.9    3.8 9999 -0.22  -0.1 -0.07  -0.7   0.5  -0.1 2p54A
 368   16 CYWEGEc  1.175 0.00  MYYRGAQ   76  -91.5  -15.3   67 -0.94  -4.8  0.04   0.2  -0.4   0.5   77  -65.7  127.8  165 -0.55  -0.2 -0.44   0.5   2.3  -0.5   78   89.8  -12.1 9999  0.69   4.6  0.09  -0.6   0.0   0.1 1r2qA
 369   16 CYWEGEc  1.178 1.00  ALMSGQL  255  -73.6  -24.6  -67 -0.18  -4.4 -0.27   1.2   2.6  -0.7  256  -84.7   -5.8   70 -0.55  -5.6 -0.06   0.3   1.0   0.5  257   91.0   20.7 9999 -0.58  -2.0 -0.01   0.3   0.3   0.0 1yqsA
 370   16 CYWEGEc  1.183 1.00  ALLSGKL  306  -75.3  -21.2  -66  0.13  -5.1 -0.15   2.3   2.2  -0.4  307  -67.3  -24.4   72 -0.55  -5.4 -0.07   0.7   1.4   1.8  308   89.5   -2.3 9999 -0.47  -1.8 -0.13   0.6   0.2  -0.1 2gn0A
 371   16 CYWEGEc  1.190 1.00  AILEGKE  258  -62.8  -24.2  -75  0.00  -4.3 -0.34   1.1   2.2  -0.3  259  -90.2   10.3  -75 -0.81  -4.8  0.08  -0.3  -0.3  -0.1  260   93.0   14.0 9999  0.01  -2.3 -0.03  -0.5   0.5  -0.0 2qh8A
 372   16 CYWEGEc  1.200 1.00  AGWRGEE  114  -71.5  -19.4  -67 -0.25   0.1  0.04   1.2   3.1  -0.4  115  -92.8   -6.5  -70 -0.34  -4.3  0.12  -0.1  -0.3   0.7  116   86.5    0.7 9999 -0.22  -2.4 -0.09  -0.7   0.3  -0.0 1l0wA
 373   16 CYWEGEc  1.210 0.00  SGYSGGA   18  -74.5  -29.4  -67 -0.48  -2.0 -0.13   0.3   2.3   0.3   19 -151.3  142.8  177 -0.36  -4.6  0.35  -1.0  -0.8   2.9   20   86.0   13.3 9999  0.41   2.6 -0.03  -0.6   0.2  -0.0 2bh0A
 374   16 CYWEGEc  1.211 1.00  AYWNGKF  181  -61.8  -28.7  -67  0.32  -3.3 -0.35   1.2   3.0  -0.2  182  -82.5    5.7  -71 -0.30  -5.0 -0.00  -0.4  -0.0   0.5  183   72.8   22.7 9999 -0.57  -2.5 -0.22  -0.2   0.7  -0.2 1g3pA
 375   16 CYWEGEc  1.211 1.00  LQQQGSR   79  -68.7  -31.1  -87 -0.33  -2.3 -0.21   1.4   2.6   0.0   80  -97.5    3.8  -70 -0.67  -5.0  0.08  -0.0  -0.3   0.5   81   82.1   15.8 9999 -0.08  -2.1 -0.03  -0.5   0.4  -0.0 1q0qA
 376   17 YWEGEc?  0.723 1.00  SWSGKYC  133 -133.5  -10.8   71 -0.62  -7.5  0.26   0.7  -0.1   2.8  134   85.2    1.8 9999  0.30   0.2 -0.08  -0.8   0.3  -0.1  135  -65.7  149.3 -177 -0.68   0.7 -0.11  -1.2  -0.0   0.8 1yb0A
 377   17 YWEGEc?  0.732 1.00  MFSGSKI   86  -89.1   -4.6   72 -0.66  -6.0 -0.06   0.6   0.5   1.2   87   90.4   13.6 9999 -0.60  -0.6 -0.28  -0.7   0.1  -0.2   88  -60.1  147.0 -180 -0.41  -0.5  0.01  -0.3   0.2   0.9 2cxnA
 378   17 YWEGEc?  0.768 1.00  RFKGSPN  122  -91.2  160.1  -69 -1.28  -1.9 -0.02   0.5  -0.1   1.1  123   88.8    1.0 9999  0.57   0.6  0.02  -0.6   0.2   0.0  124  -79.5  152.9  107 -0.29  -1.1  0.21   0.2  -1.7   0.4 2igsA
 379   17 YWEGEc?  0.854 1.00  RFRGQQI  108  -67.9  141.9 9999 -0.71  -0.7 -0.42   0.6   2.1  -0.1  109   89.9    3.1 9999  0.72   3.8  0.01   0.4   0.3   0.0  110 -100.4    9.0  -60 -0.58  -1.9  0.13  -1.2  -0.7   0.3 2q04A
 380   17 YWEGEc?  0.872 1.00  YFSGEYI  356 -113.2  -44.5   69 -0.28  -8.2  0.19   1.0   0.3   2.5  357   93.5    3.3 9999  0.22  -0.5 -0.02  -0.4   0.1  -0.0  358  -55.4  134.9  -93 -0.41  -0.1  0.02  -0.5   1.0   1.0 2nnwA
 381   17 YWEGEc?  0.917 1.00  YFKGTKY   65  -58.8  134.8  -79 -0.82  -2.4 -0.26   0.5   2.2  -0.0   66   90.8   -6.3 9999  0.82   1.7  0.01  -0.5   0.1   0.0   67  -67.3  136.9  -58 -0.67   1.6 -0.15  -0.1   1.2   0.7 2im9A
 382   17 YWEGEc?  0.923 1.00  YYRGSAA   77  -69.5  132.2  -79 -1.09  -0.7 -0.07   0.4   2.0  -0.2   78   86.6    0.0 9999  0.67   2.0  0.04  -0.4   0.2   0.0   79  -79.2  139.6  -68 -0.42   0.4  0.15   0.3   1.3   0.9 1z0jA
 383   17 YWEGEc?  0.937 1.00  AFEGQVA  229  -59.9  130.1 -176 -0.34   0.0 -0.30   0.8   2.3  -0.5  230   86.0   -9.9 9999  0.93   4.5  0.09  -0.8  -0.0   0.1  231  -72.4  144.8  -68 -0.19  -0.0  0.12  -0.5   1.0   1.4 1o9iA
 384   17 YWEGEc?  0.943 1.00  CFSGEEV   69 -121.9   -9.7   41  0.01  -7.4  0.29   0.7  -0.0   2.5   70   82.3    2.1 9999 -0.06  -0.1 -0.04  -1.1   0.1  -0.0   71  -66.7  132.8  -68 -0.48  -0.6 -0.06  -0.5  -0.0   1.0 1oaoC
 385   17 YWEGEc?  0.963 1.00  YQSGAAM  523 -114.3  -20.7   58 -0.77  -5.8  0.16   1.1   0.0   2.6  524   85.5   -2.8 9999  0.16  -0.5  0.01  -0.8   0.4  -0.0  525  -62.6  143.8 9999 -0.47   0.0  0.03  -0.4   0.4   0.6 1y791
 386   17 YWEGEc?  0.975 1.00  ILSGKAS   29  -63.5  -28.7   69 -0.70  -4.1 -0.11   0.6   1.4   1.6   30   83.9    3.8 9999 -0.22  -0.1 -0.07  -0.7   0.5  -0.1   31  -70.2  166.1  -69 -0.95  -1.0  0.02  -0.6  -0.2   1.4 2p54A
 387   17 YWEGEc?  0.990 1.00  IFDGNEE  304  -89.4   12.4  -70 -0.30  -4.7  0.13  -0.2   0.1   0.6  305   87.1   17.6 9999 -0.21  -2.3  0.08   0.2   0.5   0.1  306  -96.3   11.5  -62 -0.11  -2.2  0.10   0.2   0.1   0.4 2debA
 388   17 YWEGEc?  1.009 1.00  WQRGKAN  354  -63.0  138.7   78  0.87   1.9  0.07  -0.2   0.3   0.0  355   90.6   -2.7 9999  0.51   0.9 -0.08  -0.7  -0.0  -0.0  356  -75.4  124.3  176 -0.49   0.8  0.00  -0.9  -0.2   0.3 1h3gA
 389   17 YWEGEc?  1.013 1.00  FFNGKEL  355   56.3   40.3  -56 -0.05  -5.3 -0.34  -0.4   1.3  -1.2  356   91.3    2.6 9999  0.38  -5.9 -0.09  -0.5   0.2  -0.1  357  -56.0  135.2 -176 -0.42   1.2 -0.10  -0.3   0.1   0.6 1bupA
 390   17 YWEGEc?  1.030 1.00  AQSGKKV  396  -83.4   10.1 -111 -0.68  -5.3  0.08  -0.4   0.6   0.4  397   88.8   -7.0 9999 -0.31  -1.4 -0.05  -1.0   0.1  -0.0  398  -76.0  139.3  -32 -0.84  -1.1  0.00  -0.4  -0.4   0.9 2o8rA
 391   17 YWEGEc?  1.030 1.00  GWNGDNM  195 -104.7   -7.5  -65 -0.39  -5.4  0.24   0.1  -0.1   1.1  196   85.0    1.9 9999 -0.04  -1.4 -0.45  -0.4   0.1  -0.0  197  -57.8  123.4  -61 -0.60  -0.5 -0.08   0.3   1.2  -0.2 1f60A
 392   17 YWEGEc?  1.031 1.00  YLEGKEV  236  -84.8    1.0  -66 -0.47  -4.9  0.01  -0.1  -0.3   0.3  237   80.5   16.5 9999 -0.40  -1.7 -0.21  -0.4   0.7  -0.1  238  -68.8  157.6  -57 -0.84  -1.2 -0.04  -0.5  -0.2   1.3 1kqpA
 393   17 YWEGEc?  1.034 1.00  HWSGKLQ   39   55.7   35.3  -70 -0.17  -4.6 -0.32  -0.4   1.2  -1.5   40   72.6   17.7 9999  0.12  -5.9 -0.08   0.5   0.7  -0.1   41  -82.6  -16.3  -64  0.02  -3.1 -0.03   0.3   0.4   0.4 2p8iA
 394   17 YWEGEc?  1.048 1.00  LLRGKRD   27  -57.8  124.7 -128 -0.81  -1.4 -0.35   0.7   2.7  -0.4   28   85.8   -3.9 9999  0.55   3.9 -0.02  -0.7   0.1  -0.0   29  -76.2  154.2  -59 -0.63  -1.0  0.03  -0.0  -0.7   1.1 1h9oA
 395   17 YWEGEc?  1.055 1.00  VMSGQLS  214  -85.3  -27.8   51 -0.45  -5.7 -0.05   0.9   1.2   1.6  215   92.2    1.7 9999 -0.01  -0.6 -0.12  -0.1   0.2  -0.1  216  -87.6   64.7  -90 -0.72  -1.3  0.21  -0.1  -1.1  -1.7 1knyA
 396   17 YWEGEc?  1.060 1.00  LFSGAAK   48   46.7   47.6  -51 -0.08  -4.3 -0.32  -0.4   1.2  -1.4   49   86.1   -5.4 9999  0.04  -6.2 -0.10  -0.6   0.2  -0.1   50  -64.9  153.4 9999 -0.20   0.0  0.09  -0.4   0.3   1.0 1b0bA
 397   17 YWEGEc?  1.062 1.00  FWQGKRV    8  -49.5  125.6  -92 -0.89  -2.4 -0.16   0.5   2.3  -0.1    9   83.1  -11.0 9999  0.76   2.2  0.04  -0.8   0.2  -0.0   10  -65.4  130.2  -68 -0.46  -0.6  0.01  -0.6   0.5   0.9 1wvgA
 398   17 YWEGEc?  1.062 1.00  FYKGDKL  668  -57.7  124.1  -73 -1.24  -2.2 -0.24   0.6   2.3  -0.2  669   85.2   -5.2 9999  0.56   1.8 -0.02  -0.9  -0.0  -0.0  670  -93.9  156.5  -65 -0.07  -0.6  0.26  -1.5  -0.6   1.6 1gpuA
 399   17 YWEGEc?  1.063 1.00  IQDGHQV   57 -116.6   11.3  -90 -0.58  -5.6  0.23  -0.1  -0.6   0.9   58   91.1  -15.5 9999 -0.37  -2.1  0.01  -0.3   0.0   0.0   59  -56.0  135.4  -57 -0.58  -1.2 -0.13  -0.6   0.7   0.6 2rb4A
 400   17 YWEGEc?  1.079 1.00  QTSGKER  152  -93.3  -19.9   77 -0.22  -5.4  0.11   1.2   0.3   1.9  153   81.7   -2.7 9999 -0.16   0.3 -0.01  -1.0   0.4  -0.0  154  -75.8  162.1  -59 -0.57  -1.1  0.05  -0.6  -0.8   1.2 1wb0A
 401   18 WEGEc??  0.990 1.00  WSGKYCP  134   85.2    1.8 9999  0.30   0.2 -0.08  -0.8   0.3  -0.1  135  -65.7  149.3 -177 -0.68   0.7 -0.11  -1.2  -0.0   0.8  136  -77.1   70.7 -167  0.48   5.8  0.05  -1.5  -1.8  -1.3 1yb0A
 402   18 WEGEc??  1.025 0.00  FRGQQIG  109   89.9    3.1 9999  0.72   3.8  0.01   0.4   0.3   0.0  110 -100.4    9.0  -60 -0.58  -1.9  0.13  -1.2  -0.7   0.3  111   59.6   35.0  -55 -0.31  -6.3 -0.32  -0.5   1.0  -2.6 2q04A
 403   18 WEGEc??  1.049 1.00  WNGDNMI  196   85.0    1.9 9999 -0.04  -1.4 -0.45  -0.4   0.1  -0.0  197  -57.8  123.4  -61 -0.60  -0.5 -0.08   0.3   1.2  -0.2  198   62.8   24.4  -80  0.54  -2.0 -0.33  -0.7   1.5  -1.6 1f60A
 404   18 WEGEc??  1.063 1.00  TSGQRGN   64   91.3   -0.7 9999 -0.17  -0.1 -0.05  -0.9   0.2  -0.1   65  -75.6  136.2  -82 -0.90  -0.4  0.14   0.2   0.5   0.2   66   68.8   30.6  -54  0.76  -2.2 -0.17   0.5   1.1  -3.4 1fepA
 405   18 WEGEc??  1.191 1.00  FKGSPNV  123   88.8    1.0 9999  0.57   0.6  0.02  -0.6   0.2   0.0  124  -79.5  152.9  107 -0.29  -1.1  0.21   0.2  -1.7   0.4  125  -73.7  -14.2   29  0.00  -3.0  0.22  -0.9   1.1   0.0 2igsA
 406   18 WEGEc??  1.210 1.00  YAGEKVD  368  116.8  -10.6 9999 -0.56  -2.0  0.00  -0.5  -0.1   0.0  369  -64.5  147.8  -71 -0.59  -0.4 -0.04  -0.2   0.3   1.2  370  -83.5   81.5  -82  0.36   0.4  0.16  -1.6  -0.4  -1.5 1fwxA
 407   18 WEGEc??  1.211 1.00  FTGDIIK  437   84.5   -3.6 9999  0.07  -0.3 -0.15  -1.3   0.4  -0.1  438  -79.1  138.3  -59 -0.47  -0.0 -0.01  -0.7   0.5   0.9  439  -89.9  115.3  -60  0.49   1.5  0.01   0.5  -0.6  -0.8 1pguA
 408   18 WEGEc??  1.246 1.00  WRGEEEK  116   86.5    0.7 9999 -0.22  -2.4 -0.09  -0.7   0.3  -0.0  117  -77.2  156.6  -78 -0.81  -1.1  0.04  -0.6  -0.7   1.3  118  -63.2  131.6 -176  0.03   0.4  0.04  -0.7   0.5   0.5 1l0wA
 409   18 WEGEc??  1.331 1.00  MTGRIVH   24   94.6   -2.3 9999  1.13   0.3  0.08  -0.6   0.1   0.1   25  -75.7  142.8  -61 -0.67  -1.1 -0.08  -0.6   0.3   1.2   26  -82.0  110.6  -69  0.51   2.3  0.23   0.7  -0.1  -1.0 2r6uA
 410   18 WEGEc??  1.376 1.00  FSGRTMV  118   91.5   -5.2 9999 -0.10  -0.4 -0.00  -0.7   0.0  -0.0  119  -75.2  138.6 -172 -0.56   0.8  0.07  -0.5  -0.1   1.3  120 -116.1  131.4  -71  0.52   5.2  0.94  -0.8  -0.4   1.5 1t6aA
 411   18 WEGEc??  1.387 1.00  YDGDLGT  242  102.2  -18.1 9999 -0.12  -5.8 -0.17  -0.1  -0.0  -0.1  243  -74.5  164.8  -82 -0.43  -0.2  0.04   0.0  -0.2   1.1  244   51.5   45.0  -47  0.34  -4.6 -0.56  -0.1   1.1  -1.9 2im5A
 412   18 WEGEc??  1.407 1.00  FRGEDLS  383   83.0  -15.4 9999 -0.42  -2.1 -0.07  -0.6  -0.2  -0.1  384  -59.4  141.7 -174 -0.73   0.7 -0.14  -1.1   0.1   1.0  385  -77.9  125.2  172  0.10   2.8 -0.02  -0.2   0.6   0.4 2d4eA
 413   18 WEGEc??  1.415 1.00  YTGRDIS   72   69.5   18.2 9999 -0.40   0.5 -0.05  -0.2   0.6  -0.0   73  -69.4  134.1  -61 -1.08  -1.2 -0.04  -0.5   0.2   1.0   74  -84.8   67.5 -168  0.33   2.6  0.02  -0.1  -1.0  -1.4 1z0wA
 414   18 WEGEc??  1.462 1.00  FSGEYIA  357   93.5    3.3 9999  0.22  -0.5 -0.02  -0.4   0.1  -0.0  358  -55.4  134.9  -93 -0.41  -0.1  0.02  -0.5   1.0   1.0  359  -78.4  107.5 -172  0.51   3.9  0.17   0.2  -0.8   0.1 2nnwA
 415   18 WEGEc??  1.479 1.00  YTGNYEF  201   94.5   -5.5 9999  0.55  -0.5  0.02  -1.1  -0.0  -0.1  202  -76.1  147.0  -66 -0.65  -0.5 -0.14  -0.3  -0.1   1.0  203  -86.9  144.7  -70  0.23  -0.8 -0.33  -0.8  -0.2   0.2 2dgkA
 416   18 WEGEc??  1.506 1.00  WNGDRIQ  149   85.0   10.1 9999  0.08  -1.2 -0.05  -0.7   0.6  -0.0  150  -89.5  136.6  -66 -0.01  -0.2  0.29  -0.5  -0.1   1.0  151  -71.0  139.1 -174  0.24   1.8 -0.00  -0.3   0.3   0.5 1zv9A
 417   18 WEGEc??  1.508 0.00  FQGKIKG  507   84.9   10.4 9999 -0.65  -2.5 -0.14   0.1   0.5  -0.1  508  -81.1  -16.8  -52 -0.02  -3.1 -0.05  -0.3   0.4   0.3  509 -109.0  119.1  -61 -0.45  -1.8  0.06  -0.8  -0.5   0.8 1h0hA
 418   18 WEGEc??  1.517 1.00  GKGQKVG  817   96.7  -18.7 9999 -0.20  -3.7  0.02  -0.1  -0.1   0.0  818  -58.3  153.8  -47 -0.77   0.0 -0.03  -1.0   0.8   1.2  819  -89.6  104.8 -170  0.19   1.4  0.20  -0.7  -0.2  -0.1 3bgaA
 419   18 WEGEc??  1.522 0.00  FDGNEET  305   87.1   17.6 9999 -0.21  -2.3  0.08   0.2   0.5   0.1  306  -96.3   11.5  -62 -0.11  -2.2  0.10   0.2   0.1   0.4  307  -60.0  -43.3 -174 -0.47  -0.4 -0.43   1.8   3.3  -0.6 2debA
 420   18 WEGEc??  1.528 1.00  YDGKEVI   16   93.0  -18.5 9999  0.81   4.1  0.03  -0.8  -0.0   0.0   17  -78.2  146.5  -97 -0.40  -1.0  0.06  -0.8  -0.5   1.2   18  -86.8  144.2  178  0.36   1.4  0.60  -1.3  -0.2   1.2 1wydA
 421   18 WEGEc??  1.530 1.00  YTGQNVK  236   71.3   16.0 9999 -0.58   0.2  0.01  -0.3   0.7  -0.0  237  -73.8  128.9  -76 -0.90  -0.8 -0.01   0.9   1.0  -0.1  238   68.7   17.6 -149  0.20   1.0  0.28   0.2   1.5   0.2 1r5bA
 422   18 WEGEc??  1.531 1.00  FEGSPLQ  104   91.0   -3.7 9999  0.59   4.4  0.01  -0.6  -0.0   0.0  105  -77.9  164.8   74  0.00  -1.1  0.06   0.3  -1.5   0.5  106  -73.4  -14.8  -25  0.00  -2.9  0.16  -1.0   0.6  -0.2 1i4wA
 423   18 WEGEc??  1.537 1.00  FEGNIFK   66   78.5   18.8 9999 -0.28  -0.5 -0.09  -0.2   0.8  -0.1   67  -70.4  137.4  -63 -0.46  -0.5 -0.27  -1.8   0.8   0.5   68 -106.0  122.3  -59 -0.05   0.7  0.24  -1.4  -1.0   1.0 2dg1A
 424   18 WEGEc??  1.544 1.00  YKGEDMR   81   84.2   12.0 9999  0.15  -1.9  0.06  -0.4   0.6   0.1   82  -90.1  149.1  -63 -0.53  -0.9  0.12  -0.2  -1.1   1.0   83  -56.7  125.6  -65  0.25   0.2 -0.11  -0.1   1.1   0.2 2oqzA
 425   18 WEGEc??  1.555 1.00  WNGRTST  113   91.0   -8.1 9999  0.07  -1.8  0.01  -0.8  -0.1   0.0  114  -72.3  131.1  -57 -0.48  -0.9  0.07  -1.1   0.7   1.0  115 -115.2  142.6  -52  0.65   1.8  1.18  -1.1  -0.3   1.5 2fibA
