#NUM AA HA HN N15 CA CB CO
1 A 0.00 0.00 0.00 0.00 0.00 0.00
2 A 0.00 0.00 0.00 0.00 0.00 0.00
3 P 4.426 0.00 0.00 61.703 24.549 0.00
4 A 4.326 8.115 0.00 50.503 15.660 0.00
5 A 0.00 0.00 0.00 0.00 0.00 0.00
6 A 0.00 0.00 0.00 0.00 0.00 0.00
7 C 4.433 8.014 0.00 55.325 32.223 0.00
8 A 0.00 0.00 0.00 0.00 0.00 0.00
9 W 4.468 9.103 0.00 58.172 27.084 0.00
10 T 3.819 8.030 0.00 64.229 65.645 0.00
11 C 3.858 8.018 0.00 57.844 32.190 0.00
12 I 3.673 8.197 0.00 62.744 34.926 0.00
13 A 0.00 0.00 0.00 0.00 0.00 0.00
14 A 4.139 7.931 0.00 52.007 15.126 0.00
15 G 0.00 7.931 0.00 44.078 0.00 0.00
16 V 3.775 8.270 0.00 63.893 28.673 0.00
17 A 0.00 0.00 0.00 0.00 0.00 0.00
18 V 3.804 7.935 0.00 63.830 28.970 0.00
19 C 4.050 8.620 0.00 57.703 29.094 0.00
20 A 4.051 8.671 0.00 52.605 15.298 0.00
21 S 4.583 7.458 0.00 57.580 62.393 0.00
22 L 4.568 8.190 0.00 52.007 42.388 0.00
23 C 4.605 9.022 0.00 58.289 29.621 0.00
24 P 4.320 0.00 0.00 61.493 28.987 0.00
25 C 5.003 8.393 0.00 0.00 42.627 0.00
26 A 0.00 0.00 0.00 0.00 0.00 0.00
27 K 4.838 8.138 0.00 0.00 29.790 0.00
28 C 4.433 8.049 0.00 53.448 33.091 0.00
30 S 4.179 8.213 0.00 59.776 60.422 0.00
31 R 4.652 7.992 0.00 51.611 26.941 0.00
32 C 4.167 7.477 0.00 59.680 36.982 0.00
