#NUM AA HA HN N15 CA CB CO
1 C 4.255 0.00 0.00 0.00 0.00 0.00
2 A 0.00 0.00 0.00 0.00 0.00 0.00
3 P 4.418 0.00 0.00 0.00 0.00 0.00
4 A 4.258 8.209 0.00 0.00 0.00 0.00
5 C 4.449 7.846 114.659 0.00 0.00 0.00
6 F 4.393 8.170 119.646 60.592 38.876 0.00
7 A 0.00 0.00 0.00 0.00 0.00 0.00
8 I 3.906 7.891 119.348 64.352 37.562 0.00
9 G 0.00 8.067 0.00 46.809 0.00 0.00
10 L 4.076 8.071 120.310 57.199 41.784 0.00
11 G 0.00 8.285 106.677 46.856 0.00 0.00
12 V 3.701 8.483 120.477 66.579 31.454 0.00
13 G 0.00 8.592 107.079 47.125 0.00 0.00
14 A 4.235 8.439 123.652 54.945 17.774 0.00
15 L 4.068 8.081 118.460 57.473 41.700 0.00
16 F 4.176 8.580 118.565 62.065 39.303 0.00
17 C 4.025 9.188 121.042 0.00 0.00 0.00
18 A 3.971 8.590 122.154 55.200 17.741 0.00
19 K 4.045 7.252 111.687 57.320 33.630 0.00
20 F 4.849 8.038 111.792 57.409 41.142 0.00
21 C 4.493 9.333 120.491 0.00 0.00 0.00
