#NUM AA HA HN N15 CA CB CO
1 C 4.104 0.00 0.00 0.00 0.00 0.00
2 A 0.00 0.00 0.00 0.00 0.00 0.00
3 P 4.370 0.00 0.00 0.00 0.00 0.00
4 V 3.682 0.00 0.00 0.00 0.00 0.00
5 C 4.153 7.520 0.00 0.00 0.00 0.00
6 A 4.029 8.217 0.00 0.00 0.00 0.00
7 V 3.570 7.831 0.00 0.00 0.00 0.00
8 A 4.112 8.051 0.00 0.00 0.00 0.00
9 A 4.112 8.316 0.00 0.00 0.00 0.00
10 A 0.00 0.00 0.00 0.00 0.00 0.00
11 A 4.151 8.232 0.00 0.00 0.00 0.00
12 A 4.063 8.036 0.00 0.00 0.00 0.00
13 A 4.034 8.047 0.00 0.00 0.00 0.00
14 C 4.311 7.947 0.00 0.00 0.00 0.00
15 A 0.00 0.00 0.00 0.00 0.00 0.00
16 A 4.127 8.946 0.00 0.00 0.00 0.00
17 A 4.212 8.318 0.00 0.00 0.00 0.00
18 C 3.956 8.020 0.00 0.00 0.00 0.00
19 G 0.00 8.448 0.00 0.00 0.00 0.00
20 W 4.483 8.365 0.00 0.00 0.00 0.00
21 V 3.771 8.173 0.00 0.00 0.00 0.00
22 G 0.00 0.00 0.00 0.00 0.00 0.00
23 G 0.00 8.419 0.00 0.00 0.00 0.00
24 G 0.00 8.287 0.00 0.00 0.00 0.00
25 I 3.833 8.273 0.00 0.00 0.00 0.00
26 F 4.223 8.304 0.00 0.00 0.00 0.00
27 T 3.728 8.183 0.00 0.00 0.00 0.00
28 G 0.00 8.180 0.00 0.00 0.00 0.00
29 V 3.616 8.309 0.00 0.00 0.00 0.00
30 A 0.00 0.00 0.00 0.00 0.00 0.00
31 V 3.776 8.138 0.00 0.00 0.00 0.00
32 V 3.609 7.664 0.00 0.00 0.00 0.00
33 V 3.497 8.436 0.00 0.00 0.00 0.00
34 C 3.997 8.720 0.00 0.00 0.00 0.00
35 L 4.069 8.644 0.00 0.00 0.00 0.00
36 K 4.294 7.566 0.00 0.00 0.00 0.00
37 H 4.999 8.362 0.00 0.00 0.00 0.00
38 C 4.621 9.482 0.00 0.00 0.00 0.00
