#NUM AA HA HN N15 CA CB CO
1 F 4.122 0.00 0.00 0.00 0.00 0.00
2 A 4.250 8.240 0.00 0.00 0.00 0.00
3 A 4.119 8.040 0.00 0.00 0.00 0.00
4 D 4.510 7.954 0.00 0.00 0.00 0.00
5 A 4.072 7.829 0.00 0.00 0.00 0.00
6 W 4.430 7.598 0.00 0.00 0.00 0.00
7 A 4.084 7.483 0.00 0.00 0.00 0.00
8 A 4.080 7.719 0.00 0.00 0.00 0.00
9 Q 4.134 7.895 0.00 0.00 0.00 0.00
10 D 4.576 8.015 0.00 0.00 0.00 0.00
11 M 4.321 7.840 0.00 0.00 0.00 0.00
12 A 4.218 7.821 0.00 0.00 0.00 0.00
13 C 4.393 7.972 0.00 0.00 0.00 0.00
14 G 0.00 8.577 0.00 0.00 0.00 0.00
15 N 5.053 7.646 0.00 0.00 0.00 0.00
16 P 4.425 0.00 0.00 0.00 0.00 0.00
17 L 4.339 8.113 0.00 0.00 0.00 0.00
18 A 0.00 0.00 0.00 0.00 0.00 0.00
19 A 0.00 0.00 0.00 0.00 0.00 0.00
20 C 4.946 0.00 0.00 0.00 0.00 0.00
21 F 4.214 7.897 0.00 0.00 0.00 0.00
22 C 4.633 8.206 0.00 0.00 0.00 0.00
23 C 4.207 7.580 0.00 0.00 0.00 0.00
24 C 4.822 8.763 0.00 0.00 0.00 0.00
25 V 3.746 7.775 0.00 0.00 0.00 0.00
26 Q 4.458 8.486 0.00 0.00 0.00 0.00
27 C 4.029 7.329 0.00 0.00 0.00 0.00
28 G 0.00 8.139 0.00 0.00 0.00 0.00
