REMARK TALOS-N Protein Backbone Torsion Angle Prediction Table
REMARK  Database Penta-peptide Matches for bmr30702_3.str.txt
REMARK 
REMARK  RESID_Q_CENTER is the residue id of query penta-peptide sequence.
REMARK 
REMARK  RESNAMES_Q is the query penta-peptide sequence.
REMARK 
REMARK  DIST is the TALOS-N database matching score.
REMARK 
REMARK  W is a weighting factor used to calculate the average predicted angles.
REMARK 
REMARK  RESNAMES_DB is the database penta-peptide sequence.
REMARK 
REMARK  *_L1 are the residue numbers, phi/psi/chi1 torsion angles (degrees) 
REMARK  or the chemical shifts of the third residue of the database
REMARK  penta-peptide.
REMARK 
REMARK  RESID is the residue number of center residue of database penta-peptide.
REMARK 
REMARK  HN N HA C CA CB are secondary chemical shifts of center residue 
REMARK  of database penta-peptide.
REMARK 
REMARK  PHI/PSI/CHI1 is the phi/psi/chi1 torsion angles (degrees) of the 
REMARK  center residue of the database penta-peptide.
REMARK 
REMARK  *_R1 are the residue numbers, phi/psi/chi1 torsion angles (degrees) 
REMARK  or the chemical shifts of the fifth residue of the database
REMARK  penta-peptide.
REMARK 
REMARK  SOURCE is protein name of the database triplet.
REMARK 
REMARK  TALOS-N Version 4.12 Rev 2023.083.11.36 TALOSN_INFO
REMARK 

DATA FIRST_RESID 1
DATA SEQUENCE AAPACFAIGL GVGALFAAKF C

VARS   INDEX RESID_Q_CENTER RESNAMES_Q DIST W RESNAMES_DB RESID_L1 PHI_L1 PSI_L1 CHI1_L1 HN_L1 N_L1 HA_L1 C_L1 CA_L1 CB_L1 RESID PHI PSI CHI1 HN N HA C CA CB RESID_R1 PHI_R1 PSI_R1 CHI1_R1 HN_R1 N_R1 HA_R1 C_R1 CA_R1 CB_R1 SOURCE 
FORMAT %4d %4d %7s %6.3f %4.2f  %s %4d %6.1f %6.1f %4.0f %5.2f %5.1f %5.2f %5.1f %5.1f %5.1f %4d %6.1f %6.1f %4.0f %5.2f %5.1f %5.2f %5.1f %5.1f %5.1f %4d %6.1f %6.1f %4.0f %5.2f %5.1f %5.2f %5.1f %5.1f %5.1f %s

   1    5 APACFAI  0.556 1.00  LPGAIDL  224  -72.7   -8.6 9999  0.19  -3.7 -0.03  -0.4   0.9  -0.0  225 -105.4  -15.0 9999  0.08  -2.8  0.15   0.9   0.6   1.0  226  -52.9  -47.0  -52 -0.90  -0.4 -0.52   1.9   4.1  -0.0 1x19A
   2    5 APACFAI  0.601 1.00  LKGAIMF   50  -63.3  -33.7 9999  0.03  -1.7 -0.14   0.3   1.8  -0.1   51  -76.4   -2.0 9999 -0.44   0.6 -0.01   1.7   1.7  -0.2   52  -59.4  -47.1   60 -0.76  -3.7 -0.28   1.8   3.0  -0.3 2gebA
   3    5 APACFAI  0.620 1.00  TTTAAAL   62  -75.0  -22.8   62  0.20  -1.4 -0.21   0.9   2.9  -0.4   63  -96.6    0.7 9999 -0.23  -1.8  0.00   1.3   0.2   0.5   64  -58.1  -42.6 9999 -0.39  -0.6 -0.03   2.8   3.1  -0.8 2fyfA
   4    5 APACFAI  0.625 1.00  SPGAHAY  231  -64.9  -36.4 9999  0.15  -3.0 -0.17   1.7   1.7  -0.0  232  -66.0  -38.9 9999 -0.34   0.8 -0.17   2.0   2.5  -0.3  233  -65.6  -42.1  -68 -0.55  -2.6 -0.21   2.5   3.1  -0.4 1wcv1
   5    5 APACFAI  0.656 1.00  SPGASEI   77  -60.0  -54.8 9999  0.49  -2.5 -0.18   0.9   2.1  -0.2   78  -62.8  -40.2 9999 -0.45   0.2 -0.22   1.6   1.5  -0.1   79  -57.9  -42.8  -87 -0.17  -2.3 -0.18   1.5   3.3  -0.4 2oa8A
   6    5 APACFAI  0.657 0.00  TTSALLF  156  -66.0  -42.6   67  0.03  -3.4 -0.07   0.2   2.8   0.3  157 -158.7  145.8 9999 -0.40  -4.5  0.34   0.2  -0.6   3.2  158  -61.8  -36.9 -169  0.56   1.5 -0.14   1.0   3.6  -0.6 2jafA
   7    5 APACFAI  0.677 1.00  IPQAMKA   45  -71.9  -21.0  -54  0.21  -4.2 -0.19   0.9   2.3  -0.6   46 -105.7    6.8 9999 -0.27  -3.0  0.26   0.7  -0.5   0.6   47  -65.5  -32.1  -70 -0.51  -1.1 -0.32   2.2   2.6  -0.5 1y7tA
   8    5 APACFAI  0.681 1.00  SSTAVPL  156  -66.2  -29.7   60  0.02  -2.1 -0.14   0.5   3.1  -0.2  157  -98.3    9.1 9999 -0.13  -1.9  0.27   1.3   0.1   0.3  158  -63.3  -47.2  -67 -0.34   0.2 -0.05  -1.2   5.4  -2.2 1j7xA
   9    5 APACFAI  0.681 1.00  TETAYGL   46  -68.8  -39.2   53 -0.07  -2.8 -0.23   2.4   2.8  -0.6   47  -71.7  -43.2 9999 -0.47  -1.6 -0.23   1.8   2.9  -0.5   48  -61.9  -41.2  167  0.34   0.1 -0.40   1.9   3.2   0.2 2dx8A
  10    5 APACFAI  0.704 1.00  HKDALEI  130  -83.2   -5.0  -71  0.16  -3.2 -0.11   0.9   1.9  -0.2  131 -105.0   12.4 9999 -0.05  -2.6  0.30   0.4  -0.6   0.4  132  -61.5  -40.0  -76 -0.67  -0.9 -0.50   2.5   2.9  -0.6 2p6wA
  11    5 APACFAI  0.704 1.00  RTSASGY  113  -61.6  -22.3   60 -0.08  -3.2 -0.29   0.7   3.1  -0.5  114 -108.3    6.0 9999 -0.39  -2.3  0.25   0.9  -0.6   0.4  115  -59.6  -39.0   68  0.07  -0.7 -0.18   2.1   3.1  -0.8 2jdcA
  12    5 APACFAI  0.716 1.00  STKAFTT  163  -66.1  -29.9   67  0.08  -3.1 -0.17   2.2   2.6  -0.6  164  -64.2  -33.9 9999  0.11  -2.1 -0.19   2.4   2.8  -0.6  165  -74.6  -46.8  176 -0.49   0.1 -0.31   1.8   3.6   0.5 1moqA
  13    5 APACFAI  0.717 1.00  VGEAIAF  275  -77.6  -42.1 -174 -0.16  -0.2 -0.13   2.2   2.3  -0.4  276  -68.7  -30.8 9999 -0.20  -2.5 -0.13   2.4   3.0  -0.8  277  -62.9  -41.4  -67 -0.34  -1.2 -0.49   1.9   4.3  -0.4 1zb1A
  14    5 APACFAI  0.735 1.00  PAPAFGR  205  -72.8  -14.8  -14  0.00  -2.6 -0.03   0.0   1.4  -0.2  206  -92.6   -9.4 9999  0.28  -2.1 -0.10   1.4   1.2  -0.2  207  -58.3  -33.0 -169 -0.24   1.1 -0.41   1.8   3.2   0.1 2qnuA
  15    5 APACFAI  0.747 1.00  PDAALAL  139  -65.3  -27.0 9999  0.81   5.2 -0.31   1.6   3.1  -0.5  140  -77.4  -35.1 9999 -0.56  -2.4 -0.21   2.4   2.9  -0.4  141  -66.0  -49.6  179 -0.05  -0.3 -0.24   1.5   2.9  -0.3 1a9xB
  16    5 APACFAI  0.748 1.00  QPVATSA   40  -58.3  -27.4 -167 -0.25  -4.3 -0.19   0.9   1.9  -0.4   41  -95.5   20.7 9999 -0.09  -3.5 -0.21   0.3  -0.6  -0.1   42  -59.4  -41.4  -54 -0.64  -0.3 -0.61   2.1   4.6  -0.6 1dd9A
  17    5 APACFAI  0.749 1.00  AGRAFAV   32 -105.6   13.9  -57 -0.37  -2.1  0.20   0.2  -0.8   0.3   33  -68.5  -35.7 9999 -0.32  -1.6 -0.34   2.0   2.7  -0.8   34  -71.0  -36.5  -59 -0.62  -3.8 -0.23   2.6   3.0  -0.8 1pg5B
  18    5 APACFAI  0.753 1.00  QPTCAGC  361  -70.7  -27.1   58 -0.11  -4.8 -0.17   1.2   2.7  -0.4  362 -103.4  -31.0  -42 -0.42  -2.3  0.14   1.2   2.0   0.9  363  -66.9  -20.5 9999  0.64  -1.8 -0.15   1.8   2.9  -0.6 2cvcA
  19    5 APACFAI  0.761 1.00  SAAALAL  196  -61.6  -40.7 9999 -0.08  -2.4 -0.40   1.9   2.9  -0.7  197  -69.7  -38.8 9999 -0.66  -1.7 -0.25   2.5   2.9  -0.8  198  -67.9  -35.9  -64 -0.15  -1.9 -0.42   2.5   3.1  -1.3 2z0jA
  20    5 APACFAI  0.771 1.00  LPGALAT   44  -55.0  -46.5 9999  0.37   3.2 -0.20   0.7   2.1  -0.2   45  -72.2  -27.0 9999 -0.27   1.4 -0.34   1.9   2.4  -0.6   46  -72.3  -44.0 -178 -0.64  -0.3 -0.28   1.4   2.8  -0.7 1ds1A
  21    5 APACFAI  0.780 1.00  AEDAVVV  211  -75.7   -3.0  -67 -0.37  -4.9 -0.17   0.1   1.5  -0.4  212 -137.0   35.8 9999 -0.44  -1.9  0.30   0.5  -1.2   1.0  213  -69.6  -30.1   57 -0.17  -2.0 -0.34   1.5   3.2  -0.5 2bjkA
  22    5 APACFAI  0.781 1.00  TAEALRc   34  -59.3  -29.8  -76 -0.24  -0.6 -0.37   1.4   2.6  -1.0   35 -100.8    9.3 9999 -0.26  -3.1  0.26   0.8  -0.4   0.5   36  -60.7  -39.7  -71 -0.54  -1.0 -0.41   2.2   3.0  -0.4 2hnuA
  23    5 APACFAI  0.785 1.00  LPEALAL  240  -67.6  -37.5  -84  0.05  -3.3 -0.29   2.4   3.5  -0.7  241  -69.8  -37.6 9999 -0.41  -1.8 -0.24   2.2   2.9  -0.9  242  -60.2  -39.3  -65  0.01  -1.5 -0.36   2.3   3.2  -0.7 2fvyA
  24    5 APACFAI  0.786 0.00  DAGALAA  233  -82.7  -10.6 9999  0.14  -3.0  0.02  -0.6   0.6   0.0  234  -82.2   68.8 9999 -0.27  -1.4  0.08   0.6  -1.1  -1.9  235  -75.5  -35.8  -51 -0.26   3.0 -0.23   2.3   3.1  -0.9 2hzgA
  25    5 APACFAI  0.788 1.00  PPIAHGF  116  -66.8  -23.9 -169 -0.27  -3.8 -0.06   1.5   2.2  -0.2  117  -88.8  -31.4 9999 -0.48  -2.9  0.13   2.2   2.2   0.1  118  -72.3  -29.5  -82 -0.41  -3.0 -0.12   2.5   2.4  -0.8 1ps1A
  26    6 PACFAIG  0.387 1.00  PKSIGVA  104 -156.3  159.3   73 -0.83  -5.7  0.30  -0.1  -1.2   2.3  105  -62.5  -35.4 -179  0.36  -0.5 -0.22   1.4   3.4  -0.4  106  -74.5  -30.9 9999  0.08  -3.6 -0.40   0.8   2.1  -0.3 1hk8A
  27    6 PACFAIG  0.401 1.00  KGAITIA  241 -119.3   12.6 9999 -0.64  -3.8  0.30   1.0  -0.8   1.2  242  -60.1  -33.6   67 -0.59  -2.8 -0.31   1.7   3.1  -0.9  243  -66.4  -17.1   64 -0.11  -4.7 -0.14   2.6   2.8  -0.1 2qtcA
  28    6 PACFAIG  0.422 1.00  SGALALA  290  -99.4   -2.8 9999 -0.16  -0.5  0.07   1.3   0.7   0.8  291  -52.0  -48.6  156 -0.11  -0.3 -0.33   1.3   3.3  -0.3  292  -65.5  -32.2 9999  0.25  -4.0 -0.27   2.0   3.1  -0.6 1tdjA
  29    6 PACFAIG  0.428 1.00  KGGIGLA  271  -77.5   -9.2 9999  0.18  -0.5 -0.01   0.3   0.8  -0.1  272  -64.0  -30.6 -167 -0.61  -0.1  0.08   1.0   2.7  -0.4  273  -61.2  -37.9 9999 -0.00  -3.5 -0.22   1.4   2.1  -0.5 1zu4A
  30    6 PACFAIG  0.431 1.00  DSLIGFG  213  -90.3    2.1  -54 -0.18  -4.9  0.25   0.8  -0.2   0.0  214  -56.3  -23.1 -170 -0.42  -0.9 -0.16   1.1   3.6  -0.4  215  -62.2  -29.6 9999 -0.25  -3.4 -0.11   2.0   2.1  -0.4 1jjfA
  31    6 PACFAIG  0.444 1.00  EDLMGLA   14 -102.6    3.2  -54 -0.52  -4.3  0.04   0.6  -0.0  -0.0   15  -65.2  -36.3 -162 -0.62  -0.8 -0.21   2.0   3.1  -0.5   16  -63.9  -20.8 9999  0.08  -3.2 -0.19   1.1   1.7  -0.2 2qndA
  32    6 PACFAIG  0.455 1.00  PLYWGIA   29   72.3   15.5  -65 -0.43  -6.0 -0.19  -0.6   1.4  -3.2   30  -67.4  -35.9  -69 -0.16  -2.5 -0.12   2.3   2.2  -0.6   31  -61.5  -48.9 9999  0.74  -2.1 -0.27   1.0   2.0  -0.3 1w27A
  33    6 PACFAIG  0.463 1.00  SGALGAG  160  -65.3  -42.3 9999 -0.04   1.5 -0.32   1.5   2.8  -0.1  161  -67.3  -35.8 -176 -0.37  -1.3 -0.25   1.4   2.4  -0.3  162  -55.2  -54.3 9999  0.26  -3.5  0.24   1.0   2.3   0.0 2csuA
  34    6 PACFAIG  0.496 1.00  PRAMPIR  180  -88.4  -28.0 9999 -0.53  -1.9 -0.10   1.8   2.3  -0.1  181  -58.2  -41.9  -65 -0.07  -2.5 -0.34  -0.1   3.6  -1.4  182  -64.0  -29.3  -33  0.00  -2.1 -0.09   1.4   2.2  -0.8 1j31A
  35    6 PACFAIG  0.497 1.00  SSAFGIS   56  -75.2  -13.8 9999 -0.57  -1.3 -0.05   2.2   2.3  -0.3   57  -55.5  -45.5 -158 -0.47   0.9 -0.40   1.6   3.2   0.2   58  -65.3  -44.6 9999  0.31  -3.9 -0.40   0.8   2.0  -0.3 1wydA
  36    6 PACFAIG  0.512 1.00  PGALLLD  174  -64.5  -37.3 9999 -0.23   1.2 -0.40   1.7   2.4  -0.5  175  -75.4  -39.6 -162 -0.39  -1.2 -0.24   1.4   2.5  -0.4  176  -63.3  -44.5  177 -0.18  -2.5 -0.19   1.2   3.3  -0.4 1mi3A
  37    6 PACFAIG  0.532 1.00  AGALACA  299 -103.2    7.5 9999 -0.32  -1.9  0.17   1.0   0.4   0.9  300  -58.3  -55.4  -78 -0.75  -1.3 -0.45   1.9   3.2  -0.4  301  -64.8  -37.8 9999  0.09  -3.3 -0.27   2.3   3.1  -1.1 2gn0A
  38    6 PACFAIG  0.536 1.00  ELLYPFA  174  -88.0  -24.1  -64 -0.60  -4.3  0.10   2.1   1.7  -0.0  175  -58.9  -39.7  -74  0.14  -3.4 -0.03   1.0   3.6  -1.5  176  -61.9  -29.9  -31  0.00  -1.8 -0.06   1.3   2.9  -0.7 1h3fA
  39    6 PACFAIG  0.545 1.00  QGAYAAA  403  -74.3  -31.6 9999 -0.08   0.7 -0.09   2.3   2.6  -0.5  404  -69.9  -37.3 -163 -0.49  -0.1 -0.41   2.4   3.7  -0.0  405  -68.7  -33.4 9999  0.37  -2.7 -0.26   2.2   2.9  -0.7 2z5lA
  40    6 PACFAIG  0.545 1.00  PVSIQVA  234 -154.3  164.5   69 -0.78  -7.9 -0.39  -0.7  -1.7   2.2  235  -66.8  -29.8 -163 -0.27  -0.9 -0.50   0.7   2.3  -0.6  236  -64.8  -45.5 -174 -0.34  -2.5 -0.43   2.1   3.3  -0.5 1oxxK
  41    6 PACFAIG  0.548 1.00  DPALAYG  476  -66.5  -27.6 9999  0.11  -4.1 -0.29   2.5   2.9  -0.7  477  -75.8  -47.1 -179 -0.36  -0.6 -0.16   1.7   2.7  -0.2  478  -68.1  -29.9 9999 -0.22  -3.0 -0.03   2.1   2.8  -0.5 1ikpA
  42    6 PACFAIG  0.551 1.00  AGAYGIA   55  -68.1  -45.4 9999 -0.37   0.5 -0.36   2.2   2.5  -0.7   56  -64.6  -29.5  -77  0.10  -3.7 -0.13   2.4   1.9  -1.8   57  -63.8  -39.2 9999  0.28  -2.3 -0.19   0.6   1.9  -0.3 1t5oA
  43    6 PACFAIG  0.553 1.00  KGALEFA  166  -93.9   17.2 9999 -0.28  -1.3 -0.04   0.3  -0.1   0.2  167  -59.4  -35.5 -179 -0.51  -0.4 -0.37   1.8   2.7  -0.2  168  -67.3  -34.6  -93 -0.36  -2.6 -0.55   2.8   3.1  -0.5 1u9yA
  44    6 PACFAIG  0.554 1.00  PRAFGIA  417  -63.8  -34.9 9999 -0.38  -2.8 -0.27   2.0   2.7  -1.0  418  -69.1  -37.5  -98 -0.08  -3.6 -0.29   2.5   2.3  -1.2  419  -68.6  -37.7 9999  0.05  -1.7 -0.26   0.6   2.1  -0.3 1euhA
  45    6 PACFAIG  0.559 1.00  SIAYGIA   21  -65.0  -28.4 9999  0.22  -4.1 -0.11   2.2   2.9  -0.7   22  -71.6  -40.9  165 -0.39   0.4 -0.17   2.0   3.2   0.1   23  -60.6  -44.0 9999  0.83  -4.0 -0.51   0.5   1.9  -0.3 2pd4A
  46    6 PACFAIG  0.561 1.00  PGSFLAA   91  -81.5   -7.6   57 -0.07  -2.4 -0.08   2.0   2.4  -0.1   92  -62.6  -52.8  176 -0.26   1.0 -0.30   1.1   3.5   0.4   93  -69.2  -27.5  -76  0.17  -3.4 -0.70   2.2   2.3  -1.5 1imjA
  47    6 PACFAIG  0.564 1.00  QAALGVA  197  -65.0  -37.5 9999  0.14  -2.1 -0.20   1.8   3.0  -1.0  198  -74.4  -25.1 -180 -0.05  -1.4 -0.31   1.7   2.8  -0.6  199  -72.4  -46.6 9999 -0.16  -3.2 -0.31   0.5   2.3  -0.3 2r37A
  48    6 PACFAIG  0.571 1.00  PAVLGVA  331  -66.3  -38.2   73 -0.23  -2.5 -0.33   2.0   3.6  -0.2  332  -64.1  -36.5 -106 -0.25  -3.0 -0.30   2.6   3.5  -0.5  333  -66.4  -32.1 9999  0.09  -3.4 -0.28   1.2   2.2  -0.3 2idbA
  49    6 PACFAIG  0.572 1.00  DLAYLVG   75  -64.7  -37.6 9999 -0.24  -3.2 -0.36   2.0   1.5  -0.7   76  -64.8  -40.8  -95 -0.40  -3.7 -0.41   2.4   3.3  -1.0   77  -63.7  -39.9  -61  0.09  -2.8 -0.43   2.2   2.9  -0.7 2giaB
  50    6 PACFAIG  0.577 1.00  KGALEMA  102  -64.7  -41.1 9999  0.01   1.3 -0.23   1.8   2.8  -0.0  103  -66.0  -44.5 -167 -0.30  -0.7 -0.22   1.6   2.7  -0.2  104  -64.9  -33.4  177  0.20  -2.7 -0.32   2.0   3.2  -0.7 1sjdA
  51    7 ACFAIGL  0.298 1.00  SLVGIGL   89  -63.4  -18.9   57 -0.28  -1.3 -0.11   1.6   3.0  -0.5   90  -64.1  -25.5 9999  0.21  -1.3 -0.14   1.2   2.1   0.0   91  -74.5  -47.4  -68 -0.12   1.0 -0.43   1.6   4.4  -0.1 2pg0A
  52    7 ACFAIGL  0.343 1.00  GALGAGI  161  -67.3  -35.8 -176 -0.37  -1.3 -0.25   1.4   2.4  -0.3  162  -55.2  -54.3 9999  0.26  -3.5  0.24   1.0   2.3   0.0  163  -61.4  -42.0 9999 -0.21   0.6 -0.67   1.6   2.9  -1.1 2csuA
  53    7 ACFAIGL  0.356 1.00  GATGLGV  119  -71.0  -39.5  -58 -0.41   0.0 -0.19   1.9   4.5  -0.8  120  -65.7  -39.0 9999  0.20  -3.3 -0.17   0.8   2.1  -0.2  121  -67.0  -38.0 -167  0.32   0.5 -0.19   1.2   2.9  -0.3 1j1iA
  54    7 ACFAIGL  0.359 1.00  AALAMPI  323  -69.9  -30.1 -167 -0.18  -0.3 -0.23   1.6   2.6  -0.9  324  -89.3   -8.5 9999 -0.37  -2.9 -0.06   1.7   1.0   0.2  325  -57.7  -40.4  -70 -0.46  -1.6 -0.30  -0.1   3.7  -1.5 1l5oA
  55    7 ACFAIGL  0.366 1.00  AALGIAV   72  -67.5  -39.5  -96  0.07  -2.1 -0.44   1.9   3.1  -0.3   73  -62.2  -46.4 9999  0.67  -3.6 -0.06   1.1   2.3  -0.1   74  -65.2  -41.3  -64  0.10   0.5 -0.15   1.8   2.6  -0.2 2a0uA
  56    7 ACFAIGL  0.368 1.00  VAIGLAF   58  -65.1  -42.1  -69 -0.06  -1.5 -0.30   1.5   4.0  -0.2   59  -60.7  -35.9 9999  0.37  -4.5 -0.03   1.6   2.2  -0.1   60  -75.6  -32.7  -68 -0.06   0.2 -0.66   2.4   2.3  -1.1 2f2bA
  57    7 ACFAIGL  0.370 1.00  AAFGAAL  107  -62.7  -49.1 -180 -0.19   0.6 -0.25   1.9   2.6   0.0  108  -58.9  -48.8 9999  0.62  -3.5 -0.27   1.1   2.1  -0.2  109  -59.4  -43.9 9999 -0.30   1.0 -0.30   2.0   2.5  -0.6 1cpqA
  58    7 ACFAIGL  0.376 1.00  GAYGIAL   56  -64.6  -29.5  -77  0.10  -3.7 -0.13   2.4   1.9  -1.8   57  -63.8  -39.2 9999  0.28  -2.3 -0.19   0.6   1.9  -0.3   58  -65.5  -42.0  -60 -0.44   0.4 -0.20   1.9   2.5  -0.4 1t5oA
  59    7 ACFAIGL  0.380 1.00  EALGANL   29  -65.9  -31.8  174  0.00  -1.5 -0.26   1.5   2.4  -0.3   30  -60.2  -43.7 9999  0.29  -3.6 -0.38   1.2   2.1  -0.3   31  -73.3  -39.5 9999 -0.47   0.7 -0.40   1.3   2.5  -0.5 2i57A
  60    7 ACFAIGL  0.383 1.00  SAIGFAL   42  -71.0  -42.3  -72  0.14  -1.0 -0.28   1.4   4.1  -0.1   43  -51.4  -43.4 9999  0.44  -4.6 -0.10   1.1   2.3  -0.1   44  -67.1  -40.5  179 -0.22   2.0 -0.43   2.3   3.1   0.0 2idxA
  61    7 ACFAIGL  0.385 1.00  QTIGLAL   56  -64.8  -42.6  -78 -0.47  -1.9 -0.49   1.0   3.6  -0.6   57  -64.2  -42.1 9999  0.02  -4.9 -0.40   0.9   2.3  -0.0   58  -61.7  -43.8  -60 -0.25   0.0 -0.27   2.1   2.2  -0.7 2pl3A
  62    7 ACFAIGL  0.385 1.00  FAYGCGL  208  -67.2  -34.6  -73  0.33  -3.6 -0.21   2.5   1.7  -1.3  209  -64.8  -31.5 9999  0.38  -2.7 -0.10   1.4   2.2   0.3  210  -68.3  -35.8  -75 -0.03   0.6 -0.21   2.2   3.7  -0.5 2i5nM
  63    7 ACFAIGL  0.391 1.00  SAFGISQ   57  -55.5  -45.5 -158 -0.47   0.9 -0.40   1.6   3.2   0.2   58  -65.3  -44.6 9999  0.31  -3.9 -0.40   0.8   2.0  -0.3   59  -74.5  -31.1 -156 -0.04   0.8 -0.10   1.9   1.8  -0.5 1wydA
  64    7 ACFAIGL  0.391 1.00  AFLGLAV   16  -66.3  -34.8  -83  0.49  -4.0 -0.32   2.2   3.2  -0.3   17  -60.9  -35.4 9999  0.40  -3.1 -0.01   0.8   2.3  -0.0   18  -61.4  -51.9 -174 -0.26   0.7 -0.22   1.7   2.9  -0.6 2yzvA
  65    7 ACFAIGL  0.392 1.00  GALGAAL  248  -53.3  -33.2  178  0.34  -1.2 -0.44   1.4   3.0  -0.1  249  -69.3  -41.0 9999  0.15  -3.6 -0.24   1.6   2.2  -0.2  250  -66.9  -42.7 9999 -0.33   0.7 -0.13   1.9   2.6  -0.6 1huxA
  66    7 ACFAIGL  0.394 1.00  AADALAI  141  -68.4  -31.4  -93 -0.27  -1.9 -0.21   1.2   2.6  -0.0  142  -85.6  -30.3 9999 -0.31  -1.5  0.03   1.5   1.9   0.3  143  -65.0  -40.2  -65 -0.47  -1.2 -0.40   2.3   3.2  -1.2 1hjrA
  67    7 ACFAIGL  0.403 1.00  GMLGLAV  122  -67.7  -34.2  -59  0.57  -2.1 -0.34   1.9   3.5  -0.3  123  -59.3  -44.1 9999  0.89  -3.4 -0.17   0.8   2.4  -0.2  124  -64.4  -44.2  167  0.08   0.5 -0.24   1.9   2.6  -0.5 1xl4A
  68    7 ACFAIGL  0.404 1.00  GGIGLAI  272  -64.0  -30.6 -167 -0.61  -0.1  0.08   1.0   2.7  -0.4  273  -61.2  -37.9 9999 -0.00  -3.5 -0.22   1.4   2.1  -0.5  274  -79.9  -35.4  -67 -0.28   0.4 -0.14   2.5   2.9  -0.8 1zu4A
  69    7 ACFAIGL  0.406 1.00  GAIGRSM   70  -69.6  -38.8  -59 -0.09  -1.4 -0.45   1.4   3.9  -0.3   71  -61.0  -42.5 9999  0.31  -5.0 -0.18   1.0   2.1  -0.2   72  -68.9  -31.4  -69 -0.29   0.5 -0.29   2.6   3.3  -0.8 1pg6A
  70    7 ACFAIGL  0.410 1.00  AAIGAAL   46  -69.2  -36.8  -66 -0.17  -1.0 -0.41   1.6   3.9  -0.3   47  -61.4  -37.7 9999 -0.03  -4.7 -0.14   1.4   2.2  -0.1   48  -67.4  -42.0 9999 -0.31   0.5 -0.31   2.0   2.5  -0.8 2g2dA
  71    7 ACFAIGL  0.411 1.00  ALLAFAA  204  -65.6  -43.1  -69 -0.10  -4.6 -0.36   1.9   3.2  -0.9  205  -65.4  -35.5 9999 -0.01  -3.6 -0.32   1.8   1.4  -0.8  206  -68.1  -45.7 -178 -0.54  -0.8 -0.58   1.4   3.4  -0.5 1lj8A
  72    7 ACFAIGL  0.413 1.00  AAVGAAL  118  -64.7  -34.7  177 -0.21  -1.7 -0.33   1.4   3.6  -0.7  119  -57.0  -44.5 9999 -0.00  -3.8 -0.27   1.3   2.1  -0.2  120  -62.8  -37.3 9999  0.17   0.8 -0.38   1.9   2.8  -0.8 2fiyA
  73    7 ACFAIGL  0.414 1.00  LAYGIAI  171  -61.4  -42.0  -52 -0.70  -3.4 -0.31   2.3   1.8  -1.0  172  -59.3  -46.7 9999  0.29  -2.0 -0.39   0.7   1.8  -0.5  173  -71.2  -39.8  -63 -0.06   0.4 -0.50   1.7   2.6  -0.8 2bg1A
  74    7 ACFAIGL  0.415 1.00  LSIAYGI   23  -61.7  -38.5  -73  0.53   1.4 -0.36   1.8   3.5  -0.5   24  -66.2  -25.4 9999 -0.01  -5.1 -0.13   2.3   2.9  -0.7   25  -66.7  -46.5 -174 -0.28   0.7 -0.23   1.9   2.8   0.0 1qsgA
  75    7 ACFAIGL  0.419 1.00  AVLGVAL  332  -64.1  -36.5 -106 -0.25  -3.0 -0.30   2.6   3.5  -0.5  333  -66.4  -32.1 9999  0.09  -3.4 -0.28   1.2   2.2  -0.3  334  -68.4  -42.6  -54 -0.47   0.8 -0.34   2.2   4.3  -0.3 2idbA
  76    8 CFAIGLG  0.231 1.00  YYGIGAG  230  -64.2  -50.1 9999  0.44  -1.8 -0.29   1.0   2.0  -0.3  231  -69.6  -30.3 -176  0.06   0.7 -0.14   1.1   2.5  -0.3  232  -55.0  -46.0 9999  0.08  -3.5 -0.17   1.5   2.3  -0.1 2v7pA
  77    8 CFAIGLG  0.269 1.00  ATGLGVS  120  -65.7  -39.0 9999  0.20  -3.3 -0.17   0.8   2.1  -0.2  121  -67.0  -38.0 -167  0.32   0.5 -0.19   1.2   2.9  -0.3  122  -60.5  -47.0 9999  0.23  -3.0 -0.05   1.4   2.8  -0.1 1j1iA
  78    8 CFAIGLG  0.285 1.00  FLGLAVG   17  -60.9  -35.4 9999  0.40  -3.1 -0.01   0.8   2.3  -0.0   18  -61.4  -51.9 -174 -0.26   0.7 -0.22   1.7   2.9  -0.6   19  -65.7  -38.2 9999 -0.09  -3.6 -0.15   2.7   3.1  -0.9 2yzvA
  79    8 CFAIGLG  0.290 1.00  TLGLGYA  284  -63.3  -32.5 9999 -0.11  -3.2 -0.18   1.2   2.0  -0.2  285  -65.4  -46.8  -67 -0.36   0.7 -0.32   1.8   3.4  -0.1  286  -68.6  -35.6 9999 -0.66  -4.9 -0.37   0.8   2.2  -0.3 1nvmA
  80    8 CFAIGLG  0.292 1.00  IFGLGVA   49  -59.8  -48.3 9999  0.60  -4.3 -0.21   0.7   2.0  -0.3   50  -62.3  -33.4  -71  0.34   0.0 -0.33   2.0   3.2  -0.5   51  -65.4  -36.0 9999 -0.35  -3.4 -0.47   1.3   2.2  -0.3 1ldfA
  81    8 CFAIGLG  0.293 1.00  AIALGAA  290  -65.6  -35.0 9999 -0.19  -4.8 -0.33   2.5   3.1  -0.7  291  -64.8  -36.0  171 -0.09  -1.0 -0.17   1.8   2.3   0.0  292  -63.6  -36.6 9999 -0.11  -3.4 -0.23   1.5   2.1  -0.2 1t3iA
  82    8 CFAIGLG  0.294 1.00  SYGVATS  231  -56.8  -55.3 9999  0.35  -2.2 -0.24   1.2   2.3  -0.3  232  -72.5  -30.6 -171  0.02   0.9 -0.14   1.4   1.8  -0.2  233  -62.8  -40.7 9999  0.07  -2.8 -0.28   1.9   3.2  -0.9 1hyhA
  83    8 CFAIGLG  0.298 1.00  ALGIAVA   73  -62.2  -46.4 9999  0.67  -3.6 -0.06   1.1   2.3  -0.1   74  -65.2  -41.3  -64  0.10   0.5 -0.15   1.8   2.6  -0.2   75  -61.8  -45.1 9999  0.04  -4.2 -0.01   2.4   3.7  -0.6 2a0uA
  84    8 CFAIGLG  0.300 1.00  ADALAIA  142  -85.6  -30.3 9999 -0.31  -1.5  0.03   1.5   1.9   0.3  143  -65.0  -40.2  -65 -0.47  -1.2 -0.40   2.3   3.2  -1.2  144  -65.3  -35.5 9999 -0.41  -2.4 -0.36   1.8   3.1  -0.7 1hjrA
  85    8 CFAIGLG  0.305 1.00  AYGIALA   57  -63.8  -39.2 9999  0.28  -2.3 -0.19   0.6   1.9  -0.3   58  -65.5  -42.0  -60 -0.44   0.4 -0.20   1.9   2.5  -0.4   59  -64.7  -34.4 9999 -0.37  -4.6 -0.35   2.4   3.2  -0.8 1t5oA
  86    8 CFAIGLG  0.310 1.00  LYPFAQA  176  -61.9  -29.9  -31  0.00  -1.8 -0.06   1.3   2.9  -0.7  177  -75.1  -34.8  -66 -0.73  -4.0 -0.24   2.3   2.7  -0.6  178  -66.8  -39.4 9999  0.18  -1.3 -0.15   2.2   3.4  -0.4 1h3fA
  87    8 CFAIGLG  0.313 1.00  IYGMQYA   13  -63.9  -39.7 9999  0.39  -4.1 -0.01   1.4   2.2  -0.1   14  -66.2  -39.7  -72 -0.36  -1.1 -0.45   1.7   3.3  -0.1   15  -75.4  -36.7   65 -0.22  -3.2 -0.31   2.1   2.9  -0.8 2d42A
  88    8 CFAIGLG  0.315 1.00  LLGLGQS  431  -65.5  -40.8 9999 -0.00  -3.8 -0.24   1.1   2.3  -0.2  432  -71.1  -33.1  -72  0.45   0.4 -0.30   1.9   3.4  -0.3  433  -65.9  -45.0 9999  0.06  -3.3 -0.17   0.8   2.1  -0.2 1pixA
  89    8 CFAIGLG  0.317 1.00  GFGVAVA  192  -66.0  -26.4 9999  0.46  -4.0 -0.50   1.3   1.8  -0.3  193  -73.1  -39.2  -64 -0.17   0.7 -0.40   1.4   3.6  -0.5  194  -69.5  -48.3 9999 -0.08  -4.2 -0.25   1.7   3.3  -0.3 1v9lA
  90    8 CFAIGLG  0.319 1.00  AMKIGMA   25  -67.5  -36.1  -71 -0.20  -3.0 -0.60   2.8   2.4  -0.4   26  -63.8  -40.2  -70 -0.04  -1.0 -0.34   1.4   3.9  -0.2   27  -64.9  -39.2 9999 -0.12  -4.9 -0.03   1.6   2.7  -0.2 1wqaA
  91    8 CFAIGLG  0.319 1.00  AMALAYG  425  -64.0  -35.7 9999  0.06  -2.5  0.10   2.3   3.3  -0.8  426  -66.5  -37.1  175  0.01  -0.0  0.15   1.8   2.9  -0.7  427  -66.5  -45.1 9999  0.05  -2.8 -0.27   2.1   2.7  -0.8 1b25A
  92    8 CFAIGLG  0.320 1.00  AIGLSIA  281  -77.0   10.7 9999  0.45  -4.5 -0.11   0.0   0.6  -0.0  282  -54.2  -41.3 -174 -0.57  -1.0 -0.55   1.4   2.4  -1.0  283  -62.5  -30.7   60 -0.17  -2.2 -0.35   3.0   3.4  -0.7 2cxnA
  93    8 CFAIGLG  0.321 1.00  AFEVGCA   90  -67.5  -36.8  -70 -0.00  -3.5 -0.24   2.8   2.6  -0.1   91  -63.8  -39.0  -68 -0.06   0.0 -0.50   1.0   3.3  -0.1   92  -64.9  -37.5 9999 -0.08  -4.7 -0.18   0.9   2.5  -0.3 2f62A
  94    8 CFAIGLG  0.321 1.00  LMGMSLA  143  -52.4  -39.6 9999  0.36  -2.5 -0.14   1.4   2.4  -0.1  144  -63.9  -44.0  -68  0.03  -0.7 -0.25   2.1   3.4   0.4  145  -60.6  -38.0  -67 -0.42  -2.6 -0.34   2.0   3.9  -0.4 2qm4A
  95    8 CFAIGLG  0.324 1.00  ALGMALA  134  -57.7  -46.9 9999 -0.11  -3.8 -0.17   1.1   2.5  -0.2  135  -60.2  -42.1  -72  0.15  -0.7 -0.18   2.1   3.2  -0.1  136  -64.5  -41.1 9999 -0.10  -2.8 -0.33   2.4   3.0  -0.8 2o1xA
  96    8 CFAIGLG  0.325 1.00  AIAMGVH  244  -61.9  -36.4 9999  0.53  -4.3 -0.30   2.6   3.2  -0.8  245  -63.9  -40.3  -76 -0.09  -2.1 -0.24   2.3   3.7  -0.0  246  -66.6  -35.4 9999 -0.19  -1.1 -0.27   1.2   2.2  -0.3 2nynA
  97    8 CFAIGLG  0.327 1.00  QLGLSLA  248  -61.5  -40.5 9999  0.41  -3.4 -0.08   1.2   2.3  -0.1  249  -65.4  -41.3  -68 -0.00   0.5 -0.30   2.3   2.7  -0.4  250  -63.9  -36.6 -179 -0.16  -3.3 -0.22   3.1   3.2  -0.3 2apjA
  98    8 CFAIGLG  0.329 1.00  AAALALS   71  -60.2  -38.1 9999  0.24  -1.6 -0.16   2.3   3.1  -0.9   72  -63.1  -51.8 -157  0.20  -0.3 -0.23   1.5   2.9  -0.3   73  -64.4  -39.3 9999  0.00  -3.2 -0.29   2.0   3.2  -0.7 1ofuX
  99    8 CFAIGLG  0.330 1.00  ALGMAEA  295  -66.2  -55.0 9999 -0.09  -3.9 -0.16   1.1   2.4  -0.2  296  -61.0  -39.2 -171 -0.01   0.3 -0.64   1.6   4.1  -0.3  297  -59.3  -34.7 9999 -0.01  -2.8 -0.37   1.6   3.6  -0.6 2douA
 100    8 CFAIGLG  0.330 1.00  GLGFGIA   34  -60.9  -37.0 9999 -0.30  -4.0 -0.28   0.7   2.2  -0.2   35  -70.2  -41.9 -177 -0.30   1.9 -0.44   1.7   3.0   0.2   36  -57.1  -42.4 9999  0.29  -4.0 -0.51   0.6   1.8  -0.3 1vl8A
 101    9 FAIGLGV  0.145 1.00  YGIGAGL  231  -69.6  -30.3 -176  0.06   0.7 -0.14   1.1   2.5  -0.3  232  -55.0  -46.0 9999  0.08  -3.5 -0.17   1.5   2.3  -0.1  233  -70.8  -38.2 9999 -0.18   1.0 -0.25   2.0   3.0  -0.5 2v7pA
 102    9 FAIGLGV  0.163 1.00  IGLGIAT   18  -70.0  -36.7 -180 -0.06  -0.1 -0.17   1.3   2.8  -0.3   19  -63.0  -38.0 9999 -0.04  -1.9 -0.20   1.2   2.3  -0.2   20  -68.7  -46.9  -68 -0.02   0.5 -0.27   1.9   2.7  -0.2 1x1tA
 103    9 FAIGLGV  0.168 1.00  LGAGIAL  150  -65.3  -31.6 9999 -0.35   0.9 -0.33   2.1   2.9  -0.5  151  -69.0  -34.7 9999 -0.10  -3.0 -0.19   0.8   1.8  -0.3  152  -69.4  -39.5  -63 -0.21   0.4 -0.55   1.7   2.6  -1.1 2ozlA
 104    9 FAIGLGV  0.178 1.00  LSIGTAV  104  -58.9  -34.9   61 -0.77  -3.6 -0.31   1.9   3.4  -0.6  105  -66.1  -41.2 9999 -0.13  -2.5 -0.22   1.2   2.4  -0.2  106  -67.1  -42.7  -52 -0.25   1.3 -0.32   1.6   2.9  -0.4 2drhA
 105    9 FAIGLGV  0.179 1.00  LLAGLAT  184  -67.1  -40.0 9999  0.15  -3.2 -0.27   2.0   3.1  -0.5  185  -71.0  -37.1 9999 -0.09  -2.4 -0.21   0.7   2.7  -0.2  186  -70.5  -41.6 -133 -0.03   1.0 -0.20   1.7   2.2  -0.7 1ve5A
 106    9 FAIGLGV  0.182 1.00  LATGAAA  180  -72.0  -39.1   65 -0.03  -2.2 -0.35   1.9   3.3  -0.8  181  -60.6  -39.5 9999 -0.10  -1.0 -0.20   1.5   2.2  -0.2  182  -71.4  -46.4 9999 -0.45   0.6 -0.28   1.9   2.4  -0.5 1otsA
 107    9 FAIGLGV  0.187 1.00  AGVGLGL  480  -67.7  -41.9  -64 -0.29   1.3 -0.35   1.1   4.2  -0.1  481  -56.1  -46.7 9999  0.36  -4.4 -0.32   1.1   2.1  -0.3  482  -67.1  -31.5  178  0.48   0.5 -0.09   1.7   2.6  -0.4 2qo3A
 108    9 FAIGLGV  0.191 1.00  IGAGNAA   20  -65.5  -33.8 9999 -0.06   0.9 -0.27   2.0   2.9  -0.6   21  -65.5  -37.2 9999 -0.03  -3.3 -0.17   1.1   2.1  -0.2   22  -69.4  -37.3  -70 -0.76   0.8 -0.25   2.3   3.2  -0.3 1xkrA
 109    9 FAIGLGV  0.193 1.00  LLAGLVL   65  -66.8  -31.0 9999 -0.11  -3.3 -0.31   2.0   3.1  -0.5   66  -74.9  -37.7 9999 -0.19  -2.9 -0.23   0.5   2.3  -0.2   67  -75.8  -32.0 -172 -0.17   0.8  0.04   1.6   2.3  -0.6 1uw4B
 110    9 FAIGLGV  0.193 1.00  IGLGAAL  289  -64.2  -36.9  168  0.34  -0.0 -0.20   1.1   2.8  -0.3  290  -57.7  -44.4 9999  0.20  -3.7 -0.12   1.4   2.3  -0.1  291  -66.6  -35.8 9999 -0.27   0.8 -0.38   2.1   3.1  -1.0 1jf9A
 111    9 FAIGLGV  0.193 1.00  IALGLAF   66  -65.4  -44.4 -178  0.07  -1.1 -0.62   1.6   2.6  -0.5   67  -62.6  -41.0 9999  0.12  -3.6 -0.16   1.0   2.3  -0.1   68  -69.6  -43.0  -92  0.12   0.4 -0.23   1.9   2.8  -0.3 1f2tB
 112    9 FAIGLGV  0.193 1.00  IALGAAV  291  -64.8  -36.0  171 -0.09  -1.0 -0.17   1.8   2.3   0.0  292  -63.6  -36.6 9999 -0.11  -3.4 -0.23   1.5   2.1  -0.2  293  -68.1  -36.8 9999 -0.44   0.6 -0.37   1.9   2.7  -0.8 1t3iA
 113    9 FAIGLGV  0.196 1.00  ISSGAAV  273  -69.2  -33.5  -63 -0.23  -0.6 -0.33   1.7   4.4  -0.6  274  -64.9  -36.6 9999 -0.29  -2.9 -0.23   1.2   2.0  -0.2  275  -63.7  -46.6 9999 -0.31   0.4 -0.28   2.0   2.6  -0.7 1y7lA
 114    9 FAIGLGV  0.197 1.00  FGGGLAI  106  -66.0  -38.4 9999  0.36  -0.1 -0.13   1.4   2.1  -0.1  107  -68.6  -35.4 9999 -0.10   0.6 -0.15   0.9   2.1  -0.2  108  -67.8  -39.4  -64 -0.55   0.5 -0.31   2.0   2.5  -1.1 1uk8A
 115    9 FAIGLGV  0.197 1.00  GATGLGV  119  -71.0  -39.5  -58 -0.41   0.0 -0.19   1.9   4.5  -0.8  120  -65.7  -39.0 9999  0.20  -3.3 -0.17   0.8   2.1  -0.2  121  -67.0  -38.0 -167  0.32   0.5 -0.19   1.2   2.9  -0.3 1j1iA
 116    9 FAIGLGV  0.198 1.00  WGLGVVM  191  -62.8  -37.7  171  0.14   0.2 -0.09   1.4   2.9  -0.2  192  -63.6  -38.7 9999 -0.02  -2.3 -0.17   1.2   2.3  -0.3  193  -67.4  -45.0  -55 -0.33   1.0 -0.55   2.0   3.5  -0.1 1o6lA
 117    9 FAIGLGV  0.198 1.00  LMVGMGV   79  -81.3  -41.4  -54 -0.41  -0.7 -0.34   1.7   3.9  -0.1   80  -64.8  -47.8 9999  0.11  -4.8 -0.03   1.1   2.5  -0.1   81  -62.1  -30.8 -159 -0.04   0.7 -0.22   1.9   3.3  -0.5 2i2xB
 118    9 FAIGLGV  0.198 1.00  MLVGLAL  278  -62.1  -42.4  -71  0.07  -1.2 -0.50   1.4   4.0  -0.3  279  -64.8  -36.3 9999 -0.09  -4.7 -0.17   1.0   2.3  -0.1  280  -67.3  -38.1  -70 -0.33   0.5 -0.56   2.0   2.4  -1.1 2ef5A
 119    9 FAIGLGV  0.199 1.00  LIAGIAI  203  -63.9  -42.2 9999  0.45  -2.7 -0.31   1.9   3.1  -0.7  204  -65.5  -46.5 9999  0.11  -1.1 -0.22   0.7   2.4  -0.2  205  -64.6  -45.8  -72  0.01   0.8 -0.39   1.6   3.0  -0.3 2gn0A
 120    9 FAIGLGV  0.199 1.00  FRIGLAL   28  -63.3  -41.8  -68  0.12  -1.1 -0.49   1.5   3.9  -0.2   29  -63.3  -40.3 9999  0.04  -4.8 -0.10   0.7   2.3  -0.2   30  -63.0  -45.8 -166 -0.10   0.3 -0.36   1.7   2.5  -0.9 2ehpA
 121    9 FAIGLGV  0.200 1.00  AGIGIAV  131  -65.0  -40.2  -66  0.24   0.8 -0.40   1.6   4.2  -0.2  132  -65.0  -36.3 9999 -0.21  -5.0 -0.24   1.2   2.2  -0.2  133  -71.5  -42.4  -71  0.06   0.5 -0.29   1.9   2.5  -0.4 2o1sA
 122    9 FAIGLGV  0.200 1.00  FGLGVAM   50  -62.3  -33.4  -71  0.34   0.0 -0.33   2.0   3.2  -0.5   51  -65.4  -36.0 9999 -0.35  -3.4 -0.47   1.3   2.2  -0.3   52  -66.6  -40.3  -67 -0.29   0.8 -0.43   1.6   4.1  -0.3 1ldfA
 123    9 FAIGLGV  0.201 1.00  FGIGIAV   84  -60.2  -44.0  -70  0.34   0.7 -0.51   1.4   4.1  -0.1   85  -63.9  -39.0 9999 -0.20  -5.2 -0.31   0.7   2.2  -0.3   86  -58.2  -48.2  -68 -0.27   0.6 -0.51   2.0   3.0  -0.5 2bfdB
 124    9 FAIGLGV  0.201 1.00  LEGGLGI   59  -63.9  -42.5 9999  0.26  -1.5 -0.26   1.3   2.3  -0.3   60  -61.0  -43.0 9999  0.32   0.8 -0.20   0.8   2.3  -0.2   61  -66.5  -38.7  -74  0.03   0.4 -0.34   2.0   3.4  -0.3 2uwjE
 125    9 FAIGLGV  0.202 1.00  MAAGLAT  313  -68.9  -41.2 9999  0.17  -2.4 -0.28   2.0   2.8  -0.5  314  -67.2  -40.4 9999  0.14  -2.2 -0.23   0.6   2.4  -0.3  315  -62.5  -48.3 -179  0.08   0.6 -0.28   1.7   2.6  -0.6 2epjA
 126   10 AIGLGVG  0.152 1.00  PVGLATA   16  -62.0  -43.3 9999  0.08  -4.7 -0.15   1.0   2.2  -0.1   17  -66.4  -42.8  -71  0.12   0.3 -0.28   1.8   2.7  -0.4   18  -61.5  -42.4 9999  0.09  -2.2 -0.07   2.4   3.1  -0.7 2olnA
 127   10 AIGLGVG  0.152 1.00  GLGIATA   19  -63.0  -38.0 9999 -0.04  -1.9 -0.20   1.2   2.3  -0.2   20  -68.7  -46.9  -68 -0.02   0.5 -0.27   1.9   2.7  -0.2   21  -62.4  -37.7 9999  0.16  -4.5 -0.30   2.2   3.1  -0.8 1x1tA
 128   10 AIGLGVG  0.157 1.00  GAALGMA   67  -61.5  -41.1 9999 -0.18  -1.9 -0.21   2.3   3.0  -1.0   68  -62.9  -45.8 -171 -0.13  -1.3 -0.30   1.6   2.9  -0.1   69  -63.1  -39.5 9999  0.05  -4.0 -0.21   1.5   2.7  -0.2 1umdB
 129   10 AIGLGVG  0.172 1.00  GIGLALA  175  -60.0  -45.7 9999  0.30  -4.7 -0.17   0.8   2.3  -0.2  176  -62.8  -45.6  -67 -0.06   0.0 -0.32   2.0   2.3  -0.6  177  -60.2  -41.8 9999 -0.07  -2.1 -0.13   2.1   3.3  -0.9 1jbqA
 130   10 AIGLGVG  0.173 1.00  GLGVILG   62  -66.1  -46.7 9999 -0.11  -3.5 -0.29   1.2   2.4  -0.3   63  -65.2  -35.7 -170 -0.11   0.8 -0.08   1.4   1.7  -0.4   64  -70.5  -45.6  -74 -0.37  -2.7 -0.37   2.1   3.3   0.1 1th8B
 131   10 AIGLGVG  0.173 1.00  TIDVAAS  188  -59.9  -45.9  -69 -0.43  -2.6 -0.21   2.4   3.2   0.0  189  -65.8  -37.1 -163 -0.07  -2.4 -0.33   1.3   2.7  -0.6  190  -69.7  -41.8 9999 -0.27  -3.1 -0.06   1.9   3.3  -0.7 1h1yA
 132   10 AIGLGVG  0.178 1.00  GAGIALA  151  -69.0  -34.7 9999 -0.10  -3.0 -0.19   0.8   1.8  -0.3  152  -69.4  -39.5  -63 -0.21   0.4 -0.55   1.7   2.6  -1.1  153  -66.3  -33.8 9999 -0.14  -5.0 -0.33   2.6   3.1  -0.8 2ozlA
 133   10 AIGLGVG  0.180 1.00  GMGMALS  215  -59.8  -43.6 9999  0.10  -1.0 -0.16   1.3   2.5  -0.0  216  -56.6  -39.4  -63 -0.33  -0.7 -0.21   2.1   3.1  -0.2  217  -65.7  -51.3 9999 -0.52  -2.7 -0.20   2.2   3.0  -0.6 1kf6A
 134   10 AIGLGVG  0.180 1.00  SLGLALA  229  -51.7  -49.1 9999 -0.05  -3.7 -0.23   1.0   2.3  -0.3  230  -58.8  -41.8 -169  0.03   0.5 -0.33   1.6   2.7  -0.6  231  -73.4  -31.0 9999 -0.30  -3.5 -0.28   2.6   3.0  -0.8 2pw9A
 135   10 AIGLGVG  0.181 1.00  QAALGVA  197  -65.0  -37.5 9999  0.14  -2.1 -0.20   1.8   3.0  -1.0  198  -74.4  -25.1 -180 -0.05  -1.4 -0.31   1.7   2.8  -0.6  199  -72.4  -46.6 9999 -0.16  -3.2 -0.31   0.5   2.3  -0.3 2r37A
 136   10 AIGLGVG  0.181 1.00  LAGLATA  185  -71.0  -37.1 9999 -0.09  -2.4 -0.21   0.7   2.7  -0.2  186  -70.5  -41.6 -133 -0.03   1.0 -0.20   1.7   2.2  -0.7  187  -64.0  -33.4 9999  0.14  -2.7 -0.30   2.2   3.1  -0.5 1ve5A
 137   10 AIGLGVG  0.182 1.00  GFGVAVA  192  -66.0  -26.4 9999  0.46  -4.0 -0.50   1.3   1.8  -0.3  193  -73.1  -39.2  -64 -0.17   0.7 -0.40   1.4   3.6  -0.5  194  -69.5  -48.3 9999 -0.08  -4.2 -0.25   1.7   3.3  -0.3 1v9lA
 138   10 AIGLGVG  0.182 1.00  GIGIAVA  132  -65.0  -36.3 9999 -0.21  -5.0 -0.24   1.2   2.2  -0.2  133  -71.5  -42.4  -71  0.06   0.5 -0.29   1.9   2.5  -0.4  134  -65.5  -33.4 9999  0.02  -5.0 -0.28   2.7   3.0  -0.6 2o1sA
 139   10 AIGLGVG  0.182 1.00  IIGLGAA  288  -60.8  -41.9 9999 -0.19  -5.3 -0.20   0.8   2.3  -0.2  289  -64.2  -36.9  168  0.34  -0.0 -0.20   1.1   2.8  -0.3  290  -57.7  -44.4 9999  0.20  -3.7 -0.12   1.4   2.3  -0.1 1jf9A
 140   10 AIGLGVG  0.183 1.00  GLALGIA  189  -64.5  -36.6 9999 -0.03  -2.2 -0.46   2.7   3.1  -0.8  190  -64.6  -27.6  -72 -0.15  -3.2 -0.39   1.9   3.0  -0.5  191  -69.3  -48.7 9999 -0.36  -3.6 -0.34   0.5   2.2  -0.4 2hgsA
 141   10 AIGLGVG  0.185 1.00  AMALGVA  192  -74.0  -36.0 9999 -0.69  -2.8 -0.19   2.3   2.9  -0.6  193  -63.2  -50.1 -176  0.04  -1.1 -0.39   1.4   3.1  -0.1  194  -59.7  -48.6 9999 -0.05  -4.0 -0.21   0.8   2.4  -0.3 2h78A
 142   10 AIGLGVG  0.185 1.00  GLGLSIA  126  -60.6  -41.6 9999  0.07  -3.4 -0.19   1.1   2.3  -0.2  127  -69.9  -37.6 -131 -0.24   0.5 -0.28   1.8   2.4  -0.6  128  -65.4  -37.8  -63 -0.45  -2.8 -0.39   1.6   4.4  -0.3 1r62A
 143   10 AIGLGVG  0.185 1.00  KVGMATA   11  -69.1  -43.1 9999 -0.01  -3.6 -0.16   1.4   2.3  -0.2   12  -69.1  -39.2  -82 -0.36  -0.8 -0.19   1.9   3.1  -0.3   13  -58.8  -45.4 9999 -0.29  -2.5 -0.17   2.2   3.2  -0.8 2d4aA
 144   10 AIGLGVG  0.186 1.00  GLSLGLS  199  -62.4  -51.2  -67 -0.23  -3.0 -0.41   1.1   4.1  -0.1  200  -61.7  -38.6 -144 -0.02  -1.8 -0.33   1.6   3.0  -0.2  201  -61.8  -48.6 9999  0.29  -3.0 -0.17   0.8   2.4  -0.1 1j0aA
 145   10 AIGLGVG  0.186 1.00  QLGLAYA  279  -63.8  -35.3 9999  0.20  -3.6 -0.01   0.9   2.2  -0.1  280  -68.4  -46.1  178 -0.01   1.0 -0.15   1.7   2.4  -0.6  281  -61.3  -39.0 9999  0.28  -2.8 -0.39   1.6   2.6  -0.7 1rtqA
 146   10 AIGLGVG  0.186 1.00  GLELALA  122  -65.1  -33.8  -76 -0.09  -1.8 -0.30   2.7   2.9  -0.1  123  -66.9  -45.5  179 -0.19  -1.0 -0.20   1.6   2.9  -0.6  124  -66.0  -31.6 9999 -0.09  -3.4 -0.26   2.5   3.3  -0.6 1hzdA
 147   10 AIGLGVG  0.186 1.00  GLGMELG   96  -59.4  -49.9 9999  0.14  -3.3 -0.06   1.0   2.5  -0.1   97  -60.1  -40.6  178 -0.04   0.4 -0.44   1.9   3.5  -0.7   98  -65.5  -30.6  -73 -0.63  -2.9 -0.28   3.0   2.8  -0.3 1f8yA
 148   10 AIGLGVG  0.187 1.00  PAGLAAA  140  -67.8  -35.8 9999 -0.01  -1.3 -0.26   0.7   2.4  -0.3  141  -64.0  -45.6  -78 -0.07   0.6 -0.42   1.8   2.5  -0.4  142  -62.6  -44.4 9999  0.19  -2.8 -0.09   1.6   3.5  -1.5 2gagA
 149   10 AIGLGVG  0.188 1.00  PVGLAAA  198  -62.7  -40.1 9999  0.10  -4.9 -0.27   0.6   2.1  -0.3  199  -65.2  -36.7  -67  0.07   0.4 -0.40   2.5   2.5  -0.8  200  -69.0  -35.5 9999  0.08  -2.5 -0.28   2.3   3.0  -0.7 1kolA
 150   10 AIGLGVG  0.191 1.00  ALSLGVS   50  -69.2  -44.7  -84 -0.42  -2.9 -0.43   1.8   4.2  -0.2   51  -66.4  -35.7  -61  0.10  -2.9 -0.34   1.8   3.1  -0.4   52  -63.8  -49.9 9999  0.00  -3.1 -0.16   0.7   2.5  -0.2 2h88C
 151   11 IGLGVGA  0.108 1.00  YGIGAGL  231  -69.6  -30.3 -176  0.06   0.7 -0.14   1.1   2.5  -0.3  232  -55.0  -46.0 9999  0.08  -3.5 -0.17   1.5   2.3  -0.1  233  -70.8  -38.2 9999 -0.18   1.0 -0.25   2.0   3.0  -0.5 2v7pA
 152   11 IGLGVGA  0.115 1.00  VGFGIGI   82  -60.5  -42.1  178  0.33   1.9 -0.48   1.7   3.0   0.1   83  -63.9  -38.8 9999  0.44  -4.2 -0.43   0.8   2.1  -0.0   84  -60.2  -44.0  -70  0.34   0.7 -0.51   1.4   4.1  -0.1 2bfdB
 153   11 IGLGVGA  0.115 1.00  MEAGVGD   95  -69.5  -32.8 9999 -0.03  -2.8 -0.26   1.8   2.8  -0.7   96  -63.9  -44.1 9999 -0.14  -3.1 -0.32   0.8   2.3  -0.1   97  -62.1  -44.6  -71  0.22   1.3 -0.35   1.7   4.1  -0.1 1zi8A
 154   11 IGLGVGA  0.119 1.00  VGSGMAS  264  -76.7  -30.6   70 -0.16   0.4 -0.27   1.9   3.0  -0.7  265  -64.6  -46.8 9999  0.29  -1.0 -0.09   1.0   2.4  -0.1  266  -67.0  -39.0 -176 -0.23  -0.4 -0.58   1.6   3.8  -0.4 1w27A
 155   11 IGLGVGA  0.121 1.00  MAVGLGQ  257  -59.4  -43.5  -66 -0.13  -1.4 -0.46   1.2   4.2  -0.4  258  -60.4  -46.1 9999 -0.07  -4.6 -0.10   1.0   2.1  -0.2  259  -66.7  -42.6  -74 -0.21  -0.0 -0.59   1.7   3.3  -0.4 2d29A
 156   11 IGLGVGA  0.123 1.00  IGPGVGQ   28  -52.6  -36.9  -30  0.00  -0.1 -0.20   2.3   2.5  -0.7   29  -59.8  -44.1 9999 -0.32  -3.6 -0.12   1.1   2.0  -0.1   30  -68.5  -53.5  -62 -0.26   1.2 -0.37   1.2   4.1  -0.1 1yceA
 157   11 IGLGVGA  0.125 1.00  IGLGIAT   18  -70.0  -36.7 -180 -0.06  -0.1 -0.17   1.3   2.8  -0.3   19  -63.0  -38.0 9999 -0.04  -1.9 -0.20   1.2   2.3  -0.2   20  -68.7  -46.9  -68 -0.02   0.5 -0.27   1.9   2.7  -0.2 1x1tA
 158   11 IGLGVGA  0.126 1.00  VRIGIGI   73  -65.4  -49.7  -61 -0.01  -0.9 -0.47   1.2   3.8  -0.1   74  -57.6  -47.6 9999 -0.26  -5.1 -0.21   1.1   2.3  -0.2   75  -58.4  -39.1  -69 -0.01   0.8 -0.57   1.2   4.0  -0.5 2gelA
 159   11 IGLGVGA  0.127 1.00  AALGMAA   68  -62.9  -45.8 -171 -0.13  -1.3 -0.30   1.6   2.9  -0.1   69  -63.1  -39.5 9999  0.05  -4.0 -0.21   1.5   2.7  -0.2   70  -64.6  -44.0  -62  0.11  -0.8 -0.22   1.9   3.4  -0.1 1umdB
 160   11 IGLGVGA  0.128 1.00  GALGAGI  161  -67.3  -35.8 -176 -0.37  -1.3 -0.25   1.4   2.4  -0.3  162  -55.2  -54.3 9999  0.26  -3.5  0.24   1.0   2.3   0.0  163  -61.4  -42.0 9999 -0.21   0.6 -0.67   1.6   2.9  -1.1 2csuA
 161   11 IGLGVGA  0.129 1.00  AAAGVAL  104  -71.9  -40.3 9999  0.09  -2.1 -0.19   1.9   2.9  -0.4  105  -63.5  -48.2 9999  0.16  -1.3 -0.36   1.2   2.3   0.0  106  -69.1  -38.5  -65  0.31   2.0 -0.29   1.7   3.9  -0.6 1luaA
 162   11 IGLGVGA  0.129 1.00  QALGIAQ  252  -59.9  -41.9  -60  0.06  -2.7 -0.45   2.0   2.9  -0.3  253  -65.3  -41.4 9999 -0.14  -3.9 -0.16   0.5   2.0  -0.2  254  -66.1  -46.9  -64 -0.17   0.5 -0.41   1.5   3.0  -0.1 2vigA
 163   11 IGLGVGA  0.131 1.00  VGLGMEL   95  -64.4  -33.6  176  0.10   0.2 -0.09   1.2   2.7  -0.4   96  -59.4  -49.9 9999  0.14  -3.3 -0.06   1.0   2.5  -0.1   97  -60.1  -40.6  178 -0.04   0.4 -0.44   1.9   3.5  -0.7 1f8yA
 164   11 IGLGVGA  0.131 1.00  AGVGLGL  480  -67.7  -41.9  -64 -0.29   1.3 -0.35   1.1   4.2  -0.1  481  -56.1  -46.7 9999  0.36  -4.4 -0.32   1.1   2.1  -0.3  482  -67.1  -31.5  178  0.48   0.5 -0.09   1.7   2.6  -0.4 2qo3A
 165   11 IGLGVGA  0.131 1.00  IGLGVLA  247  -67.8  -33.7  -68  0.23   0.1 -0.25   1.9   3.4  -0.3  248  -60.5  -46.9 9999  0.26  -2.9 -0.15   1.1   2.6  -0.0  249  -65.5  -38.7  -66  0.08   1.6 -0.19   2.2   3.8   0.1 1lfkA
 166   11 IGLGVGA  0.131 1.00  AALGVAE  198  -74.4  -25.1 -180 -0.05  -1.4 -0.31   1.7   2.8  -0.6  199  -72.4  -46.6 9999 -0.16  -3.2 -0.31   0.5   2.3  -0.3  200  -58.0  -44.1  -80  0.08   1.4 -0.36   1.8   3.5  -0.1 2r37A
 167   11 IGLGVGA  0.133 1.00  AKAGVGI   54  -66.3  -35.8 9999  0.20  -0.9 -0.33   1.9   2.9  -0.6   55  -64.2  -42.0 9999 -0.03  -2.7 -0.34   0.8   2.2  -0.3   56  -62.2  -45.0  -64  0.02   1.2 -0.43   1.2   4.0  -0.1 2gl5A
 168   11 IGLGVGA  0.134 1.00  MAAGVAA  293  -65.8  -40.5 9999  0.13  -2.6 -0.29   1.8   2.7  -0.6  294  -61.9  -43.5 9999  0.13  -1.8 -0.04   1.0   2.4  -0.2  295  -61.2  -47.3  -66  0.28   1.3 -0.17   2.0   3.7  -0.1 1vefA
 169   11 IGLGVGA  0.134 1.00  IGAGLAR  233  -70.8  -38.2 9999 -0.18   1.0 -0.25   2.0   3.0  -0.5  234  -65.8  -38.7 9999 -0.07  -2.0 -0.21   0.6   2.4  -0.2  235  -65.4  -44.6  -69  0.35   0.4 -0.37   1.9   2.6  -0.6 2v7pA
 170   11 IGLGVGA  0.134 1.00  ISAGIGI  129  -63.0  -33.7 9999 -0.04  -1.9 -0.27   2.1   2.9  -0.8  130  -57.1  -44.9 9999  0.34  -2.1 -0.24   1.1   2.3  -0.2  131  -65.0  -40.2  -66  0.24   0.8 -0.40   1.6   4.2  -0.2 2o1sA
 171   11 IGLGVGA  0.134 1.00  VGMGEAY  252  -65.2  -41.5 -172 -0.18   0.1 -0.30   1.6   3.1  -0.6  253  -59.9  -46.5 9999  0.05  -3.7 -0.25   0.7   2.1  -0.2  254  -62.9  -41.7  175  0.07   0.3 -0.27   2.0   2.9  -0.5 1p3wA
 172   11 IGLGVGA  0.135 1.00  ANLGVAL   23  -62.6  -43.5 -178  0.35  -1.5 -0.43   1.6   3.0   0.0   24  -65.0  -37.9 9999 -0.03  -3.4 -0.20   1.5   2.4  -0.2   25  -66.2  -42.2  -64 -0.04   1.0 -0.48   1.7   4.3  -0.5 1hyqA
 173   11 IGLGVGA  0.135 1.00  LGAGIAL  150  -65.3  -31.6 9999 -0.35   0.9 -0.33   2.1   2.9  -0.5  151  -69.0  -34.7 9999 -0.10  -3.0 -0.19   0.8   1.8  -0.3  152  -69.4  -39.5  -63 -0.21   0.4 -0.55   1.7   2.6  -1.1 2ozlA
 174   11 IGLGVGA  0.136 1.00  MFVGVNM  419  -65.8  -45.6  -70 -0.32  -2.5 -0.40   1.1   4.0  -0.1  420  -56.2  -53.9 9999  0.00  -4.3 -0.23   1.0   2.2  -0.2  421  -66.0  -35.7   62  0.09  -0.8 -0.34   1.9   3.3  -0.3 1v54A
 175   11 IGLGVGA  0.138 1.00  TGAGVAV   45  -66.3  -41.5 9999  0.04   1.0 -0.31   2.0   3.1  -0.6   46  -65.4  -34.7 9999  0.12  -1.7 -0.14   1.2   2.3   0.0   47  -71.3  -43.7  -67 -0.22   0.8 -0.49   1.4   4.7  -0.5 2rghA
 176   12 GLGVGAL  0.104 1.00  NTGIGLA   74  -64.9  -41.1 9999 -0.04  -3.5 -0.23   0.8   2.0  -0.2   75  -66.1  -45.2  -62  0.15   1.0 -0.46   1.2   4.6   0.1   76  -61.2  -44.8 9999  0.18  -5.1 -0.31   0.9   2.2  -0.2 1ve1A
 177   12 GLGVGAL  0.107 1.00  NMATGAS  122  -63.4  -46.5 9999  0.34  -2.7 -0.23   2.0   3.1  -0.6  123  -56.4  -43.9  -63  0.23  -0.0 -0.48   1.6   4.4  -0.6  124  -65.9  -46.7 9999 -0.08  -3.3 -0.01   1.6   2.3  -0.2 1zunB
 178   12 GLGVGAL  0.113 1.00  GIAVGAA   78  -61.4  -40.6 9999  0.22  -4.4 -0.25   2.4   3.5  -0.8   79  -64.2  -37.6  -64 -0.00  -1.3 -0.41   1.5   4.2  -0.3   80  -65.1  -38.9 9999  0.15  -4.4 -0.13   1.8   2.2  -0.1 2ozlB
 179   12 GLGVGAL  0.113 1.00  GIGAGLA  232  -55.0  -46.0 9999  0.08  -3.5 -0.17   1.5   2.3  -0.1  233  -70.8  -38.2 9999 -0.18   1.0 -0.25   2.0   3.0  -0.5  234  -65.8  -38.7 9999 -0.07  -2.0 -0.21   0.6   2.4  -0.2 2v7pA
 180   12 GLGVGAL  0.117 1.00  ALGAGIV  162  -55.2  -54.3 9999  0.26  -3.5  0.24   1.0   2.3   0.0  163  -61.4  -42.0 9999 -0.21   0.6 -0.67   1.6   2.9  -1.1  164  -62.6  -36.5 9999 -0.14  -1.8 -0.34   1.2   2.1  -0.2 2csuA
 181   12 GLGVGAL  0.123 1.00  AAAVGLM  207  -65.0  -50.3 9999  0.00  -1.3 -0.05   1.9   3.1  -0.4  208  -59.2  -44.3  -60 -0.23  -1.6 -0.33   1.3   4.1  -0.8  209  -62.2  -46.2 9999 -0.28  -4.7 -0.20   1.0   2.1  -0.2 2p0oA
 182   12 GLGVGAL  0.124 1.00  AASVGVL  199  -62.4  -44.7  -62 -0.04  -1.8 -0.34   1.3   4.1  -0.1  200  -61.9  -39.0  -67 -0.13  -1.2 -0.53   1.5   4.5  -0.6  201  -66.0  -39.0 9999  0.13  -5.0 -0.18   1.0   2.4  -0.2 2ogtA
 183   12 GLGVGAL  0.124 1.00  SIAVGLL  275  -65.3  -51.3 9999 -0.30  -3.8 -0.29   2.0   3.3  -0.6  276  -61.2  -47.2  -68  0.09  -1.5 -0.43   1.5   4.2  -0.4  277  -65.0  -38.6 9999  0.17  -4.9 -0.20   0.6   2.2  -0.3 2nutA
 184   12 GLGVGAL  0.126 1.00  ALGMAEA  295  -66.2  -55.0 9999 -0.09  -3.9 -0.16   1.1   2.4  -0.2  296  -61.0  -39.2 -171 -0.01   0.3 -0.64   1.6   4.1  -0.3  297  -59.3  -34.7 9999 -0.01  -2.8 -0.37   1.6   3.6  -0.6 2douA
 185   12 GLGVGAL  0.128 1.00  AAGVGVL   23  -78.3  -50.7 9999  0.43  -2.4 -0.32   0.4   2.3  -0.3   24  -59.9  -33.6  -76  0.26   1.3 -0.42   1.8   4.0  -0.3   25  -52.6  -26.6 9999 -0.31  -4.2 -0.09   1.9   1.9  -0.1 1hgvA
 186   12 GLGVGAL  0.129 1.00  SSGLGVI   60  -69.6  -35.0 9999  0.13  -1.7 -0.12   0.8   2.2  -0.2   61  -70.9  -32.1  -64 -0.54   0.5 -0.39   1.9   3.3  -0.5   62  -66.1  -46.7 9999 -0.11  -3.5 -0.29   1.2   2.4  -0.3 1th8B
 187   12 GLGVGAL  0.130 1.00  GSGMASM  265  -64.6  -46.8 9999  0.29  -1.0 -0.09   1.0   2.4  -0.1  266  -67.0  -39.0 -176 -0.23  -0.4 -0.58   1.6   3.8  -0.4  267  -57.7  -37.1 9999  0.02  -2.6 -0.29   1.7   3.3  -0.9 1w27A
 188   12 GLGVGAL  0.131 1.00  AMALGAM  203  -60.7  -41.8 9999 -0.07  -2.6 -0.27   2.3   3.1  -1.0  204  -65.3  -39.3  -71  0.28  -0.9 -0.41   2.0   2.9  -0.3  205  -66.7  -43.4 9999 -0.29  -4.6 -0.07   1.9   2.2  -0.1 2fn9A
 189   12 GLGVGAL  0.132 1.00  NAAIGAA   45  -63.9  -36.7 9999 -0.33  -1.7 -0.27   2.4   3.4  -0.9   46  -69.2  -36.8  -66 -0.17  -1.0 -0.41   1.6   3.9  -0.3   47  -61.4  -37.7 9999 -0.03  -4.7 -0.14   1.4   2.2  -0.1 2g2dA
 190   12 GLGVGAL  0.132 1.00  GINLGLV   52  -61.1  -44.8  -67 -0.09  -4.3  0.06   3.0   3.2   0.0   53  -63.2  -44.3 -103  0.28  -2.0 -0.41   2.0   3.3  -0.2   54  -62.9  -41.8 9999  0.19  -4.0 -0.17   0.7   2.3  -0.2 1h2sB
 191   12 GLGVGAL  0.133 1.00  AQAIGAL   39  -60.5  -47.3 9999 -0.06  -1.5 -0.24   2.6   3.1  -0.6   40  -69.8  -38.0  -62  0.06  -1.6 -0.40   1.4   4.0  -0.2   41  -57.3  -43.3 9999  0.39  -4.7 -0.21   1.4   2.2  -0.2 2p5mA
 192   12 GLGVGAL  0.133 1.00  HMAIGAV  112  -62.9  -42.2 9999 -0.12  -2.5 -0.28   2.3   3.1  -0.7  113  -64.3  -35.4  -74 -0.17  -1.3 -0.43   1.7   3.8  -0.4  114  -64.9  -37.1 9999  0.14  -5.0 -0.16   1.5   2.0  -0.2 2hxtA
 193   12 GLGVGAL  0.134 1.00  GTGVKSL  202  -63.4  -45.2 9999 -0.15  -0.1 -0.25   0.9   2.2  -0.2  203  -70.5  -42.1  -66 -0.17   1.2 -0.41   1.8   3.5  -0.1  204  -60.8  -37.8  174 -0.20  -3.6 -0.39   2.0   2.8  -0.7 1rkqA
 194   12 GLGVGAL  0.134 1.00  AAALGEF  111  -58.3  -45.4 9999 -0.23  -2.2 -0.19   2.3   3.0  -0.9  112  -66.7  -39.1  -75  0.03  -2.2 -0.32   1.7   3.1  -0.3  113  -55.7  -55.1 9999  0.26  -4.4 -0.02   0.9   2.2  -0.2 1xc3A
 195   12 GLGVGAL  0.134 1.00  AAGVAAL  134  -55.5  -47.5 9999 -0.02  -2.9 -0.01   1.4   2.4  -0.1  135  -71.9  -35.9  -57  0.15   2.1 -0.46   1.6   4.3  -0.4  136  -59.8  -37.1 9999  0.81  -4.0 -0.31   1.8   3.7  -1.1 1rcwA
 196   12 GLGVGAL  0.134 1.00  ALAIGTL  310  -64.0  -44.4 9999  0.27  -2.4 -0.40   2.4   3.3  -0.7  311  -63.5  -42.3  -75  0.26  -1.4 -0.43   1.4   3.8  -0.3  312  -61.2  -41.1 9999 -0.17  -4.6 -0.18   1.4   2.4  -0.2 3bg2A
 197   12 GLGVGAL  0.135 1.00  SAAVGEV  112  -63.0  -42.4 9999 -0.00  -1.6 -0.25   2.2   3.1  -0.8  113  -63.5  -40.8  -69  0.07  -1.0 -0.42   1.3   4.2  -0.4  114  -58.8  -43.9 9999 -0.12  -5.1 -0.28   0.5   2.0  -0.3 1uxtA
 198   12 GLGVGAL  0.135 1.00  AAGVAAI  294  -61.9  -43.5 9999  0.13  -1.8 -0.04   1.0   2.4  -0.2  295  -61.2  -47.3  -66  0.28   1.3 -0.17   2.0   3.7  -0.1  296  -63.4  -41.5 9999  0.41  -5.0 -0.35   1.7   3.7  -0.9 1vefA
 199   12 GLGVGAL  0.136 1.00  GVALGTI  487  -70.3  -46.7 9999 -0.12  -4.8 -0.22   2.4   3.4  -0.6  488  -58.1  -52.0 -174  0.32  -1.2 -0.31   1.4   3.2  -0.0  489  -60.7  -42.2 9999  0.05  -4.1  0.24   1.5   2.6  -0.0 1o0sA
 200   12 GLGVGAL  0.137 1.00  ALSTGAA  430  -68.7  -44.9   61 -0.10  -4.2 -0.25   2.0   3.3  -0.9  431  -66.5  -35.9   63  0.16  -2.8 -0.33   2.1   3.3  -0.9  432  -63.4  -49.0 9999  0.14  -1.3 -0.18   0.5   2.5  -0.2 2gagA
 201   13 LGVGALF  0.092 1.00  TGIGLAL  174  -66.8  -40.7  -62  0.36   1.4 -0.38   1.3   4.5  -0.1  175  -60.0  -45.7 9999  0.30  -4.7 -0.17   0.8   2.3  -0.2  176  -62.8  -45.6  -67 -0.06   0.0 -0.32   2.0   2.3  -0.6 1jbqA
 202   13 LGVGALF  0.103 1.00  VGMGEAY  252  -65.2  -41.5 -172 -0.18   0.1 -0.30   1.6   3.1  -0.6  253  -59.9  -46.5 9999  0.05  -3.7 -0.25   0.7   2.1  -0.2  254  -62.9  -41.7  175  0.07   0.3 -0.27   2.0   2.9  -0.5 1p3wA
 203   13 LGVGALF  0.104 1.00  LATGAVH  624  -61.6  -48.7  -48  0.36   0.7 -0.36   1.2   4.4  -1.1  625  -64.9  -56.3 9999 -0.03  -3.2 -0.06   1.1   2.2  -0.0  626  -42.1  -43.2 9999 -0.16   0.3 -0.25   2.2   2.8  -0.7 1ea0A
 204   13 LGVGALF  0.104 1.00  TGIGLAM   75  -66.1  -45.2  -62  0.15   1.0 -0.46   1.2   4.6   0.1   76  -61.2  -44.8 9999  0.18  -5.1 -0.31   0.9   2.2  -0.2   77  -63.9  -40.1  -73  0.11   0.1 -0.29   2.1   2.4  -0.7 1ve1A
 205   13 LGVGALF  0.105 1.00  FRIGLAL   28  -63.3  -41.8  -68  0.12  -1.1 -0.49   1.5   3.9  -0.2   29  -63.3  -40.3 9999  0.04  -4.8 -0.10   0.7   2.3  -0.2   30  -63.0  -45.8 -166 -0.10   0.3 -0.36   1.7   2.5  -0.9 2ehpA
 206   13 LGVGALF  0.105 1.00  LAVGEAL  724  -67.2  -47.4  -70 -0.42  -1.2 -0.47   1.3   4.1  -0.2  725  -59.1  -40.6 9999  0.03  -4.9 -0.21   0.6   2.1  -0.2  726  -69.2  -38.4 -171  0.32   0.1 -0.03   1.8   2.6  -0.5 1t3tA
 207   13 LGVGALF  0.107 1.00  LAVGAVH  622  -69.4  -42.3 -161  0.10  -1.9 -0.32   1.7   3.6  -0.4  623  -62.8  -47.0 9999 -0.12  -3.8  0.12   1.6   2.2  -0.3  624  -61.4  -49.4 9999 -0.18   0.6 -0.18   1.9   2.8  -0.2 1ofdA
 208   13 LGVGALF  0.107 1.00  AAIGKLM  417  -61.7  -44.3  -65  0.08  -0.6 -0.26   1.5   4.0  -0.1  418  -60.7  -43.2 9999  0.03  -6.0 -0.15   0.6   2.1  -0.1  419  -60.5  -45.1  178  0.10   0.4 -0.30   2.2   2.7  -0.3 1w27A
 209   13 LGVGALF  0.108 1.00  VFIGRLI   34  -64.5  -47.4  -66  0.00  -3.0 -0.64   1.2   3.7   0.1   35  -59.0  -43.9 9999 -0.07  -5.5 -0.20   0.7   2.1  -0.2   36  -67.5  -36.6 -157  0.12   0.3 -0.14   2.3   2.8  -0.4 1sc3B
 210   13 LGVGALF  0.108 1.00  IGLGAAL  289  -64.2  -36.9  168  0.34  -0.0 -0.20   1.1   2.8  -0.3  290  -57.7  -44.4 9999  0.20  -3.7 -0.12   1.4   2.3  -0.1  291  -66.6  -35.8 9999 -0.27   0.8 -0.38   2.1   3.1  -1.0 1jf9A
 211   13 LGVGALF  0.109 1.00  LHVGAAL  110  -65.5  -35.1  -61  0.19  -1.6 -0.33   1.5   3.9  -0.2  111  -58.4  -44.6 9999  0.20  -4.2 -0.12   1.6   2.2  -0.2  112  -62.6  -43.8 9999 -0.06   0.8 -0.28   1.7   2.6  -0.6 2h8oA
 212   13 LGVGALF  0.109 1.00  IAVGAAM   79  -64.2  -37.6  -64 -0.00  -1.3 -0.41   1.5   4.2  -0.3   80  -65.1  -38.9 9999  0.15  -4.4 -0.13   1.8   2.2  -0.1   81  -65.2  -39.1 9999 -0.04   0.8 -0.27   2.1   2.8  -0.5 2ozlB
 213   13 LGVGALF  0.110 1.00  RNVGLMI  102  -71.9  -32.1 -172  0.19  -1.5 -0.38   1.8   3.7  -0.7  103  -65.4  -35.7 9999  0.37  -4.0 -0.16   0.8   2.3  -0.2  104  -63.2  -43.1  176  0.39   0.6 -0.13   1.7   2.6  -0.5 1oaoA
 214   13 LGVGALF  0.110 1.00  TGVGRYL  183  -69.3  -42.2  -64  0.15   1.3 -0.48   1.1   4.2  -0.6  184  -56.9  -47.1 9999  0.05  -4.9 -0.22   0.9   2.1  -0.1  185  -64.8  -44.5  -75 -0.07   0.6 -0.26   2.9   3.6  -0.3 1ve1A
 215   13 LGVGALF  0.111 1.00  HGAGAFI  354  -66.5  -39.6 9999  0.03   1.0 -0.17   2.2   3.2  -0.5  355  -66.9  -41.1 9999  0.33  -4.0 -0.16   1.3   2.0  -0.1  356  -61.7  -42.2 9999 -0.12   0.7 -0.38   1.8   2.7  -0.6 1nc5A
 216   13 LGVGALF  0.111 1.00  LGIGALL  170  -59.2  -41.1  -71  0.23   0.8 -0.37   1.4   4.2  -0.1  171  -61.0  -45.2 9999 -0.17  -4.7 -0.13   1.4   2.2  -0.1  172  -58.4  -49.7 9999  0.15   0.8 -0.16   2.5   2.9  -0.4 2axtC
 217   13 LGVGALF  0.111 1.00  ADIGTAM  230  -72.7  -39.1  -69  0.01  -1.2 -0.61   1.5   4.5  -0.3  231  -62.6  -37.4 9999 -0.31  -4.3 -0.12   1.5   2.5  -0.1  232  -67.2  -41.1  -64  0.11   1.2 -0.32   1.3   2.9  -0.4 2j6lA
 218   13 LGVGALF  0.112 1.00  ANIGAAL  349  -69.9  -35.4  -65  0.33  -1.6 -0.58   1.4   4.2  -0.4  350  -58.4  -44.7 9999  0.21  -4.6 -0.22   1.4   2.2  -0.2  351  -62.2  -42.8 9999 -0.05   0.9 -0.33   1.8   2.5  -0.6 2hp0A
 219   13 LGVGALF  0.112 1.00  IAVGLLE  276  -61.2  -47.2  -68  0.09  -1.5 -0.43   1.5   4.2  -0.4  277  -65.0  -38.6 9999  0.17  -4.9 -0.20   0.6   2.2  -0.3  278  -59.1  -51.0  173  0.06   0.3 -0.35   1.6   2.6  -0.6 2nutA
 220   13 LGVGALF  0.113 1.00  AGIGIAV  131  -65.0  -40.2  -66  0.24   0.8 -0.40   1.6   4.2  -0.2  132  -65.0  -36.3 9999 -0.21  -5.0 -0.24   1.2   2.2  -0.2  133  -71.5  -42.4  -71  0.06   0.5 -0.29   1.9   2.5  -0.4 2o1sA
 221   13 LGVGALF  0.113 1.00  IGLGVLA  247  -67.8  -33.7  -68  0.23   0.1 -0.25   1.9   3.4  -0.3  248  -60.5  -46.9 9999  0.26  -2.9 -0.15   1.1   2.6  -0.0  249  -65.5  -38.7  -66  0.08   1.6 -0.19   2.2   3.8   0.1 1lfkA
 222   13 LGVGALF  0.113 1.00  SGLGVIL   61  -70.9  -32.1  -64 -0.54   0.5 -0.39   1.9   3.3  -0.5   62  -66.1  -46.7 9999 -0.11  -3.5 -0.29   1.2   2.4  -0.3   63  -65.2  -35.7 -170 -0.11   0.8 -0.08   1.4   1.7  -0.4 1th8B
 223   13 LGVGALF  0.113 1.00  LAVGLMF  108  -67.7  -37.7  -65 -0.10  -1.2 -0.40   1.9   4.2  -0.3  109  -63.3  -42.5 9999  0.42  -4.8  0.07   1.0   2.2  -0.1  110  -65.2  -41.5  -71  0.43   0.7 -0.25   2.3   2.6  -0.4 1wwkA
 224   13 LGVGALF  0.113 1.00  AQIGAML   65  -65.2  -44.9  -60 -0.02  -0.8 -0.19   1.4   4.2  -0.0   66  -61.5  -39.2 9999  0.23  -4.8 -0.11   1.3   2.3  -0.1   67  -67.6  -38.2 9999 -0.18   0.7 -0.30   1.8   2.5  -0.8 1uouA
 225   13 LGVGALF  0.113 1.00  VELGKFY   35  -72.2  -39.0 -174  0.26  -2.2 -0.56   1.8   2.8  -0.2   36  -64.8  -44.0 9999  0.20  -3.0 -0.06   0.7   2.1  -0.1   37  -65.8  -39.1 -178  0.20   0.6 -0.25   1.1   1.6  -0.5 1thfD
 226   14 GVGALFA  0.112 1.00  GLGVILG   62  -66.1  -46.7 9999 -0.11  -3.5 -0.29   1.2   2.4  -0.3   63  -65.2  -35.7 -170 -0.11   0.8 -0.08   1.4   1.7  -0.4   64  -70.5  -45.6  -74 -0.37  -2.7 -0.37   2.1   3.3   0.1 1th8B
 227   14 GVGALFA  0.121 1.00  GVGAAIA   57  -59.8  -40.7 9999 -0.17  -4.3 -0.15   1.5   2.2  -0.2   58  -60.6  -48.2 9999 -0.19   0.8 -0.22   1.9   2.7  -0.8   59  -60.4  -47.8 9999 -0.23  -1.7 -0.19   2.1   3.1  -0.8 1hw6A
 228   14 GVGALFA  0.129 1.00  DIGTAMA  231  -62.6  -37.4 9999 -0.31  -4.3 -0.12   1.5   2.5  -0.1  232  -67.2  -41.1  -64  0.11   1.2 -0.32   1.3   2.9  -0.4  233  -57.0  -40.3 9999 -0.01  -2.5 -0.36   2.2   3.3  -1.2 2j6lA
 229   14 GVGALFA  0.132 1.00  AVGVLIG  101  -58.3  -45.0 9999 -0.16  -4.1 -0.18   0.9   2.3  -0.2  102  -63.2  -46.1  -68  0.07   1.4 -0.36   2.1   3.6  -0.1  103  -59.8  -46.2  179  0.30  -4.4 -0.34   1.8   3.5  -0.8 2gx9A
 230   14 GVGALFA  0.134 1.00  SLGALIS  139  -66.2  -38.3 9999 -0.00  -3.2 -0.13   2.0   2.1  -0.1  140  -65.5  -36.8 9999 -0.09   1.2 -0.16   1.7   2.6  -0.3  141  -68.0  -42.2  176 -0.22  -1.3 -0.17   2.0   2.8  -0.6 1ex9A
 231   14 GVGALFA  0.134 1.00  AIGAALA   47  -61.4  -37.7 9999 -0.03  -4.7 -0.14   1.4   2.2  -0.1   48  -67.4  -42.0 9999 -0.31   0.5 -0.31   2.0   2.5  -0.8   49  -61.5  -42.9 9999 -0.33  -1.9 -0.23   2.3   3.0  -0.9 2g2dA
 232   14 GVGALFA  0.135 1.00  SLGAFYL   62  -70.3  -47.3 9999  0.17  -3.8  0.11   1.7   2.4   0.0   63  -66.9  -31.0 9999  0.22   0.8 -0.33   2.1   2.6  -0.7   64  -65.5  -40.5  166 -0.11   0.5 -0.33   1.5   3.3  -0.0 2q14A
 233   14 GVGALFA  0.136 1.00  GAGAFIL  355  -66.9  -41.1 9999  0.33  -4.0 -0.16   1.3   2.0  -0.1  356  -61.7  -42.2 9999 -0.12   0.7 -0.38   1.8   2.7  -0.6  357  -60.3  -53.8 -177  0.05   0.3 -0.25   1.4   3.3   0.3 1nc5A
 234   14 GVGALFA  0.136 1.00  SAGTAYA  100  -63.7  -38.9 9999  0.23  -2.1 -0.29   1.3   2.2  -0.3  101  -66.9  -47.2  -65 -0.16   1.3 -0.26   1.5   3.0  -0.5  102  -58.0  -43.9 9999  0.22  -2.7 -0.22   2.0   3.0  -0.1 1h72C
 235   14 GVGALFA  0.140 1.00  ELGALLG   59  -59.0  -44.9 9999  0.23  -4.9 -0.15   1.5   2.3  -0.2   60  -64.0  -47.4 9999 -0.47   1.2 -0.36   1.4   2.8   0.1   61  -62.1  -49.9  170 -0.16  -1.7 -0.24   1.6   3.2  -0.3 2qtpA
 236   14 GVGALFA  0.141 1.00  RLGAFLG   13  -63.3  -40.1 9999 -0.10  -4.2 -0.22   1.5   2.1  -0.2   14  -65.2  -40.4 9999 -0.28   0.7 -0.31   2.4   2.7  -0.7   15  -71.8  -52.7 -159 -0.50   0.2 -0.31   1.1   3.3   0.2 2yzvA
 237   14 GVGALFA  0.143 1.00  KIGTLLG  472  -62.1  -39.5 9999 -0.05  -5.5 -0.19   1.5   2.4  -0.2  473  -69.4  -41.0  -60 -0.02   2.5 -0.29   1.7   4.3  -0.9  474  -65.8  -43.7  -63  0.08  -3.5 -0.40   2.0   3.2  -0.5 1ygyA
 238   14 GVGALFA  0.144 1.00  AAGALIA  239  -52.4  -44.3 9999  0.00  -0.9 -0.18   1.3   2.1  -0.2  240  -57.3  -48.2 9999  0.32   1.0 -0.29   1.8   2.8  -1.0  241  -64.3  -39.9 -152 -0.70  -1.7 -0.26   1.9   2.9  -0.5 2q74A
 239   14 GVGALFA  0.144 1.00  NTQAMIA  115  -62.2  -45.3 -179  0.03  -1.0 -0.33   1.8   2.8   0.1  116  -64.9  -42.3 9999  0.09  -2.6 -0.15   1.8   3.4  -1.1  117  -68.9  -43.2 -174 -0.14  -0.8 -0.54   1.9   2.8  -0.5 1m65A
 240   14 GVGALFA  0.145 1.00  GAAALVK  225  -60.0  -41.6 9999  0.30  -2.5 -0.26   1.9   3.0  -0.7  226  -65.0  -39.1 9999 -0.40  -1.9 -0.16   2.3   3.1  -1.1  227  -64.4  -45.0  -61 -0.33  -3.3 -0.48   2.2   3.2   0.1 1gciA
 241   14 GVGALFA  0.146 1.00  AIGTAIK   59  -63.4  -36.6 9999 -0.06  -3.8 -0.22   1.3   2.5  -0.2   60  -69.3  -42.5  -63 -0.44   1.8 -0.31   1.3   2.9  -0.3   61  -61.8  -43.0 9999 -0.06  -2.4 -0.23   2.4   3.1  -0.9 1qwkA
 242   14 GVGALFA  0.147 1.00  SVGAAIL  141  -60.6  -33.8 9999 -0.07  -4.6 -0.19   1.4   2.0  -0.2  142  -63.9  -48.5 9999  0.03   0.5 -0.38   2.0   2.5  -0.7  143  -60.1  -45.6 9999 -0.10  -1.9 -0.17   2.4   3.1  -0.9 2a7kA
 243   14 GVGALFA  0.149 1.00  NVGVCVA   57  -62.9  -44.7 9999 -0.17  -4.8 -0.25   1.4   2.4  -0.1   58  -68.3  -30.4  -69  0.26   1.0 -0.38   1.3   3.3  -0.6   59  -67.4  -49.2  172 -0.09  -3.1 -0.48   2.0   3.5  -1.1 1tyyA
 244   14 GVGALFA  0.149 1.00  ATGAMLY  310  -76.3  -36.8 9999  0.24  -3.5 -0.66   1.3   2.1  -0.2  311  -62.0  -44.6 9999  0.40   0.7 -0.13   1.5   2.8  -0.0  312  -66.0  -56.0 -169 -0.20  -0.7 -0.35   2.2   3.1  -0.5 1hbnA
 245   14 GVGALFA  0.150 1.00  AVSAALG   69  -67.3  -31.2   65  0.00  -5.4 -0.20   2.7   3.2  -0.7   70  -64.5  -45.6 9999 -0.11  -1.2 -0.23   1.8   3.0  -0.5   71  -65.7  -45.1 9999 -0.37  -1.6 -0.10   2.3   2.9  -0.8 2a0uA
 246   14 GVGALFA  0.151 1.00  TAGALLA  257  -66.1  -40.8 9999 -0.18  -3.9 -0.20   1.2   1.8  -0.1  258  -64.3  -37.0 9999 -0.13   1.3 -0.25   2.1   2.6  -0.6  259  -62.0  -38.1  -74 -0.21  -2.3 -0.19   2.7   3.1  -0.4 1wx1A
 247   14 GVGALFA  0.151 1.00  AVGALLE  353  -57.6  -41.9 9999  0.33  -4.3 -0.19   1.5   2.2  -0.2  354  -63.5  -44.3 9999 -0.17   1.2 -0.40   1.5   2.7  -0.1  355  -57.2  -46.5  169 -0.18  -1.6 -0.26   1.8   3.3  -0.6 2i7nA
 248   14 GVGALFA  0.152 1.00  AIGALMD   41  -57.3  -43.3 9999  0.39  -4.7 -0.21   1.4   2.2  -0.2   42  -64.8  -42.9 9999  0.04   1.3 -0.38   2.2   2.8   0.2   43  -64.3  -41.0  -66 -0.35  -2.0 -0.47   2.0   3.0  -0.6 2p5mA
 249   14 GVGALFA  0.152 1.00  GAAAFLA  224  -63.4  -52.1 9999 -0.11  -1.8 -0.07   2.0   3.0  -0.1  225  -66.7  -39.3 9999  0.29  -1.7 -0.25   2.0   3.0  -0.6  226  -61.8  -56.8  166  0.03   0.9 -0.34   1.2   3.3   0.2 2ew8A
 250   14 GVGALFA  0.153 1.00  PTGALLA  176  -62.5  -36.0 9999  0.06  -3.1 -0.09   1.5   2.2  -0.1  177  -68.4  -42.1 9999  0.26   1.5 -0.33   1.5   2.8  -0.1  178  -63.5  -46.7  166  0.19  -1.4 -0.47   1.7   2.9  -0.7 2boyA
 251   15 VGALFAA  0.122 1.00  LGALLGE   60  -64.0  -47.4 9999 -0.47   1.2 -0.36   1.4   2.8   0.1   61  -62.1  -49.9  170 -0.16  -1.7 -0.24   1.6   3.2  -0.3   62  -72.0  -36.4  -60  0.58  -3.9 -0.31   2.0   3.2  -0.3 2qtpA
 252   15 VGALFAA  0.124 1.00  IGAMLMA   67  -67.6  -38.2 9999 -0.18   0.7 -0.30   1.8   2.5  -0.8   68  -76.4  -39.0  168 -0.32  -1.1 -0.26   1.8   2.5  -0.4   69  -61.9  -39.7  -72  0.04  -2.9 -0.39   2.3   3.0  -0.5 1uouA
 253   15 VGALFAA  0.129 1.00  IGLLIAV  185  -65.4  -33.6  -71 -0.04   0.5 -0.21   2.5   2.8  -0.7  186  -64.1  -46.5  164 -0.17  -2.4 -0.33   1.6   3.3  -0.3  187  -63.3  -33.8  -72 -0.11  -2.3 -0.40   1.6   4.3  -0.5 1ldfA
 254   15 VGALFAA  0.129 1.00  LGAFLGL   14  -65.2  -40.4 9999 -0.28   0.7 -0.31   2.4   2.7  -0.7   15  -71.8  -52.7 -159 -0.50   0.2 -0.31   1.1   3.3   0.2   16  -66.3  -34.8  -83  0.49  -4.0 -0.32   2.2   3.2  -0.3 2yzvA
 255   15 VGALFAA  0.131 1.00  VGAIVGA  244  -56.0  -41.5 9999  0.34   0.1 -0.31   2.2   2.7  -0.4  245  -65.1  -46.5  -70 -0.62  -0.6 -0.54   2.0   3.1  -0.0  246  -65.2  -41.5  -66 -0.09  -4.3 -0.46   1.4   4.0  -0.2 1ldfA
 256   15 VGALFAA  0.132 1.00  LGAFYLM   63  -66.9  -31.0 9999  0.22   0.8 -0.33   2.1   2.6  -0.7   64  -65.5  -40.5  166 -0.11   0.5 -0.33   1.5   3.3  -0.0   65  -64.2  -45.7  168  0.19  -0.5 -0.62   0.9   3.2   0.2 2q14A
 257   15 VGALFAA  0.134 1.00  MGALWQA  283  -66.3  -39.9 9999 -0.14   1.4 -0.34   1.6   2.8  -0.1  284  -68.6  -45.4  177 -0.34  -0.6 -0.28   1.8   3.0  -0.2  285  -62.5  -41.8 -169  0.47  -2.1 -0.59   1.5   3.2   0.0 1vbiA
 258   15 VGALFAA  0.135 1.00  TAQLIGA  250  -64.9  -44.7 -179 -0.19  -1.3 -0.27   2.2   3.2  -0.3  251  -65.0  -45.3  177 -0.29  -1.4 -0.17   1.4   3.5  -0.5  252  -64.2  -32.9  -69  0.23  -2.0 -0.41   1.5   3.8  -0.5 1lyvA
 259   15 VGALFAA  0.135 1.00  LGVILGR   63  -65.2  -35.7 -170 -0.11   0.8 -0.08   1.4   1.7  -0.4   64  -70.5  -45.6  -74 -0.37  -2.7 -0.37   2.1   3.3   0.1   65  -63.4  -31.9 -142  0.28  -4.1 -0.30   1.7   2.9  -0.2 1th8B
 260   15 VGALFAA  0.138 1.00  VGPFIGA  249  -63.5  -38.3  -24  0.00   0.4 -0.05   2.1   2.7  -0.6  250  -60.3  -41.2  -82 -0.36  -2.9 -0.15   2.6   3.4  -0.6  251  -68.4  -45.9  -75  0.12  -1.9 -0.20   1.4   3.9   0.0 1z98A
 261   15 VGALFAA  0.138 1.00  TAAVYAA   21  -66.5  -44.0 9999  0.02  -1.1 -0.29   1.6   3.1  -0.2   22  -68.4  -38.2  103 -0.10  -2.8 -0.37   2.1   3.0  -0.6   23  -72.9  -37.8  -90 -0.18  -3.6 -0.54   2.4   3.6  -0.8 1trbA
 262   15 VGALFAA  0.143 1.00  FGTLLAQ   13  -69.1  -38.3  -67 -0.18   3.3 -0.24   1.8   4.4  -0.8   14  -64.5  -40.0  172 -0.16  -2.6 -0.26   1.5   3.2  -0.6   15  -64.2  -44.1  169 -0.24  -3.2 -0.31   1.5   2.9  -0.7 2fbhA
 263   15 VGALFAA  0.143 1.00  IAEFIGT   11  -65.2  -38.6  -73 -0.51  -1.0 -0.37   2.2   2.2  -0.5   12  -64.8  -46.8  174 -0.22  -0.2 -0.16   1.5   3.5   0.2   13  -65.1  -41.1  -68  0.23  -3.0 -0.29   1.3   3.8   0.1 2f2bA
 264   15 VGALFAA  0.145 1.00  AGALIAA  240  -57.3  -48.2 9999  0.32   1.0 -0.29   1.8   2.8  -1.0  241  -64.3  -39.9 -152 -0.70  -1.7 -0.26   1.9   2.9  -0.5  242  -60.8  -52.0  -66 -0.12  -2.2 -0.66   1.6   4.6   0.2 2q74A
 265   15 VGALFAA  0.147 1.00  AAKLFAS  313  -66.8  -44.6 -163 -0.46  -1.5 -0.29   1.9   3.2  -0.1  314  -62.6  -47.5  175 -0.03  -2.0 -0.33   1.9   3.1  -0.2  315  -66.5  -52.2 -168  0.12  -2.2 -0.48   1.2   4.0   0.1 2dvlA
 266   15 VGALFAA  0.148 1.00  TGALLAA  177  -68.4  -42.1 9999  0.26   1.5 -0.33   1.5   2.8  -0.1  178  -63.5  -46.7  166  0.19  -1.4 -0.47   1.7   2.9  -0.7  179  -59.1  -46.6  -77  0.05  -4.7 -0.28   2.1   3.2  -0.5 2boyA
 267   15 VGALFAA  0.149 1.00  VGAFMVS   24  -64.9  -38.1 9999 -0.05   0.8 -0.28   2.0   2.7  -0.4   25  -64.4  -44.2  172 -0.25   0.2 -0.38   0.9   2.1  -0.6   26  -63.4  -40.8  -61 -0.08  -3.4 -0.52   2.4   3.0   0.4 1v54I
 268   15 VGALFAA  0.150 1.00  LNSIVGA  223  -70.9  -29.0  -74 -0.10   0.3 -0.23   1.5   3.8  -0.2  224  -75.0  -37.6   71 -0.73  -4.7 -0.34   1.7   3.3  -0.5  225  -56.2  -50.7  -61 -0.41  -1.8 -0.50   1.1   3.9  -0.2 2ch7A
 269   15 VGALFAA  0.151 1.00  LASMYGA  261  -60.5  -43.4 -167 -0.28  -2.3 -0.31   2.7   3.3  -0.2  262  -70.6  -38.0  -61  0.02  -2.6 -0.29   2.1   3.2  -0.1  263  -67.8  -36.9  161 -0.24   0.7 -0.32   2.0   3.3   0.1 1t5jA
 270   15 VGALFAA  0.151 1.00  LGALISF  140  -65.5  -36.8 9999 -0.09   1.2 -0.16   1.7   2.6  -0.3  141  -68.0  -42.2  176 -0.22  -1.3 -0.17   2.0   2.8  -0.6  142  -66.9  -36.4  -65 -0.05  -2.5 -0.58   2.3   3.9  -0.7 1ex9A
 271   15 VGALFAA  0.152 1.00  LGLMLAQ   84  -63.3  -38.2  -61 -0.24   0.6 -0.31   2.4   2.3  -0.4   85  -65.0  -41.3 -157  0.02  -2.3 -0.31   2.0   3.1  -0.4   86  -66.0  -40.9  -64 -0.07  -2.7 -0.32   2.0   3.0  -0.9 2b99A
 272   15 VGALFAA  0.153 1.00  TGAFLLA  174  -66.0  -36.8 9999 -0.10   0.7 -0.29   2.1   2.7  -0.4  175  -70.3  -43.8 -176 -0.30   0.6 -0.20   1.5   3.5   0.2  176  -56.7  -45.0  -75  0.53  -2.8 -0.50   1.9   3.4  -0.3 2ogxA
 273   15 VGALFAA  0.153 1.00  ISTLLGA  104  -62.1  -44.3  -56  0.16   0.6 -0.36   1.4   4.9  -0.3  105  -62.2  -47.5  174 -0.10  -2.8 -0.26   1.7   3.4  -0.3  106  -60.6  -37.7  -87  0.36  -3.5 -0.32   2.4   3.5  -0.6 2q9rA
 274   15 VGALFAA  0.153 1.00  AAQLIGT  104  -64.4  -43.9 -173  0.02  -1.1 -0.07   2.2   3.4  -0.5  105  -65.3  -42.4 -147 -0.55  -1.6 -0.36   1.7   3.3  -0.8  106  -56.7  -44.0  -70  0.12  -1.9 -0.39   1.4   3.6  -0.1 1xqrA
 275   15 VGALFAA  0.154 1.00  TGALLAA  105  -61.9  -41.8 9999 -0.17   1.3 -0.29   1.7   2.7  -0.1  106  -68.4  -38.1 -166 -0.44  -1.2 -0.25   1.6   2.7  -0.7  107  -55.0  -52.6  -90  0.04  -4.4 -0.51   2.0   3.3  -0.6 1u7nA
 276   16 GALFAAK  0.163 1.00  GTLLGTA  474  -65.8  -43.7  -63  0.08  -3.5 -0.40   2.0   3.2  -0.5  475  -64.7  -36.7 -106  0.13  -3.0 -0.32   2.3   3.2  -0.4  476  -77.2  -33.1 9999 -0.05  -3.6 -0.27   0.9   2.3  -0.3 1ygyA
 277   16 GALFAAK  0.165 1.00  GALLGER   61  -62.1  -49.9  170 -0.16  -1.7 -0.24   1.6   3.2  -0.3   62  -72.0  -36.4  -60  0.58  -3.9 -0.31   2.0   3.2  -0.3   63  -62.6  -40.1 9999  0.29  -3.7 -0.19   0.6   2.2  -0.2 2qtpA
 278   16 GALFAAK  0.169 1.00  GTIWGAQ  306  -66.7  -45.7  -62 -0.46  -2.3 -0.50   1.8   3.6  -0.4  307  -69.2  -28.5  -61  0.17  -5.2 -0.26   0.8   2.6  -1.1  308  -96.2   18.4 9999 -0.26  -3.1 -0.04   0.4   0.2  -0.1 2e3jA
 279   16 GALFAAK  0.170 1.00  ARFLLAK  221  -70.3  -36.4  -80 -0.30  -2.7 -0.22   2.3   3.1  -0.4  222  -67.4  -41.2 -180  0.09  -1.4 -0.32   1.4   3.4  -0.4  223  -64.5  -35.4 -178  0.22  -3.0 -0.39   1.9   2.2  -0.9 1xgsA
 280   16 GALFAAK  0.175 1.00  NSAYTEK  106  -65.5  -42.1 9999 -0.33  -2.1 -0.20   2.0   2.9  -0.3  107  -65.9  -50.3 -179  0.17  -0.7 -0.23   1.7   3.7   0.4  108  -60.3  -32.4  162  0.36  -2.2 -0.21   1.7   3.0  -0.0 2o8iA
 281   16 GALFAAK  0.177 1.00  GAFLGLA   15  -71.8  -52.7 -159 -0.50   0.2 -0.31   1.1   3.3   0.2   16  -66.3  -34.8  -83  0.49  -4.0 -0.32   2.2   3.2  -0.3   17  -60.9  -35.4 9999  0.40  -3.1 -0.01   0.8   2.3  -0.0 2yzvA
 282   16 GALFAAK  0.178 1.00  GDALGAQ   23  -60.3  -46.6 9999  0.06  -2.1 -0.01   2.5   3.2  -0.7   24  -66.8  -44.0  -78  0.20  -2.1 -0.47   2.1   3.3  -0.3   25  -64.8  -37.7 9999  0.20  -4.9 -0.19   1.6   2.0  -0.2 2yzvA
 283   16 GALFAAK  0.179 1.00  AAMLGQL  113  -65.5  -46.7  -70 -0.17  -2.6 -0.33   2.1   3.4   0.3  114  -66.1  -40.0 -180  0.14  -1.9 -0.37   1.6   3.1  -0.3  115  -63.0  -34.7 9999  0.30  -3.8 -0.20   1.5   2.1  -0.2 2ogxB
 284   16 GALFAAK  0.179 1.00  ACLIGLQ  460  -71.2  -43.0  -71 -0.26  -3.0 -0.30   2.4   2.7  -0.3  461  -65.8  -38.6  -65  0.34  -2.4 -0.50   1.5   3.5  -0.4  462  -64.9  -33.9 9999  0.04  -4.8 -0.22   1.2   2.3  -0.2 2bptA
 285   16 GALFAAK  0.181 1.00  ALVIACN   52  -63.5  -28.3  136 -0.16  -2.5 -0.39   1.9   3.5  -0.5   53  -66.4  -50.2  -68  0.28  -2.6 -0.52   1.8   4.6   0.2   54  -67.2  -28.2 9999  0.33  -4.9 -0.26   2.6   3.2  -0.8 2nr3A
 286   16 GALFAAK  0.184 1.00  ASRWAAE  286  -60.6  -41.9  175 -0.35  -1.5 -0.51   1.7   2.9  -0.8  287  -58.0  -50.8 -174  0.31  -0.9 -0.34   2.1   4.0   0.0  288  -69.1  -34.2 9999  0.41  -3.1 -0.35   2.1   3.0  -0.6 1qs0A
 287   16 GALFAAK  0.185 1.00  SQLYGTN  333  -70.4  -50.1  -62 -0.14  -2.9 -0.26   2.5   3.2   0.1  334  -57.2  -44.5  180  0.53  -2.8 -0.38   1.8   3.7   0.1  335  -56.7  -41.0 9999  0.43  -3.8 -0.47   1.3   1.8  -0.3 1x13A
 288   16 GALFAAK  0.186 1.00  GMMMAVQ   77  -64.1  -41.4 -178  0.15  -0.2 -0.02   2.0   3.2  -0.1   78  -65.5  -44.8  -65  0.73  -2.8 -0.22   1.8   3.8   0.2   79  -62.0  -42.8 9999  0.20  -2.8 -0.30   2.0   3.3  -0.7 1wu4A
 289   16 GALFAAK  0.187 1.00  GAAYAAK  175  -66.9  -35.9 9999 -0.04  -2.1 -0.26   2.3   2.8  -0.8  176  -65.1  -42.3 -174 -0.07   0.1 -0.40   2.0   3.8  -0.2  177  -67.1  -38.3 9999  0.31  -2.7 -0.32   2.0   3.1  -0.8 2bfdA
 290   16 GALFAAK  0.187 1.00  AATFAAS  180  -64.6  -37.4  -61 -0.13   0.4 -0.42   1.5   4.6  -0.3  181  -64.5  -47.6  176 -0.14  -1.6 -0.42   1.8   4.2   0.2  182  -65.0  -34.7 9999  0.44  -3.1 -0.60   2.1   2.9  -0.8 1m5wA
 291   16 GALFAAK  0.188 1.00  NKLWAEQ   20  -65.9  -40.9  -71 -0.33  -3.4 -0.37   2.2   3.2  -0.1   21  -60.8  -47.5 -178  0.44  -2.8 -0.43   1.9   3.9  -0.2   22  -65.5  -32.9 9999  0.44  -3.1 -0.19   2.1   3.1  -0.8 1i4uA
 292   16 GALFAAK  0.188 1.00  GVIYDSM  115  -65.1  -44.6  -69  0.06  -4.3 -0.47   2.0   3.9  -0.6  116  -61.0  -45.5 -163  0.20  -3.9 -0.60   1.7   4.1   0.3  117  -61.7  -34.9  -68  0.04  -3.0 -0.48   1.8   3.1  -0.8 1x3kA
 293   16 GALFAAK  0.189 1.00  SSFLGEK  222  -63.9  -40.4  172 -0.12   0.7 -0.46   1.2   3.4  -0.0  223  -68.1  -38.0  -73  0.60  -3.7 -0.49   2.1   3.3  -0.1  224  -63.4  -35.7 9999  0.19  -4.2 -0.26   0.7   2.2  -0.2 1hzfA
 294   16 GALFAAK  0.190 1.00  AQTWSAS  375  -69.4  -30.6  175 -0.09  -1.0 -0.28   1.9   3.5  -0.1  376  -71.4  -54.3  148  0.02  -1.5 -0.29   1.8   4.1   0.5  377  -65.5  -26.9   63  0.51  -3.5 -0.36   2.5   2.7  -0.5 1w79A
 295   16 GALFAAK  0.191 1.00  ASMYGAM  262  -70.6  -38.0  -61  0.02  -2.6 -0.29   2.1   3.2  -0.1  263  -67.8  -36.9  161 -0.24   0.7 -0.32   2.0   3.3   0.1  264  -64.2  -33.5 9999  0.22  -4.3 -0.41   1.4   1.7  -0.1 1t5jA
 296   16 GALFAAK  0.192 1.00  GAFYLMS   64  -65.5  -40.5  166 -0.11   0.5 -0.33   1.5   3.3  -0.0   65  -64.2  -45.7  168  0.19  -0.5 -0.62   0.9   3.2   0.2   66  -67.0  -35.6  -66  0.18  -2.6 -0.85   1.7   2.7  -0.9 2q14A
 297   16 GALFAAK  0.193 1.00  AKLFGAN  227  -65.0  -36.4 -158 -0.64  -2.2 -0.44   1.7   2.7  -0.5  228  -65.0  -39.1 -174  0.28  -1.9 -0.58   1.9   3.1  -0.2  229  -67.3  -30.4 9999  0.03  -4.3 -0.17   1.4   1.9  -0.1 2b1eA
 298   16 GALFAAK  0.193 1.00  AAMMLSA  246  -67.7  -45.3  -60 -0.21  -2.5 -0.33   2.3   3.1   0.7  247  -66.1  -36.9  -75  0.29  -2.5 -0.29   2.6   3.1   0.2  248  -75.1  -24.7  -72  0.08  -2.0 -0.28   2.6   2.3  -0.4 2qtwB
 299   16 GALFAAK  0.194 1.00  GTALGAE  164  -56.9  -49.1 9999 -0.28  -2.6 -0.28   2.2   3.0  -1.1  165  -62.4  -42.7 -176  0.03  -1.6 -0.36   1.7   2.3  -0.0  166  -64.0  -45.1 9999  0.06  -3.5 -0.20   1.7   2.2  -0.2 1z98A
 300   16 GALFAAK  0.194 1.00  AAVYAAR   22  -68.4  -38.2  103 -0.10  -2.8 -0.37   2.1   3.0  -0.6   23  -72.9  -37.8  -90 -0.18  -3.6 -0.54   2.4   3.6  -0.8   24  -70.6  -37.4 9999  0.36  -1.6 -0.30   2.0   3.0  -0.7 1trbA
 301   17 ALFAAKF  0.190 1.00  AVIGASM  190  -69.5  -46.8  -69 -0.02  -2.8 -0.38   1.4   3.9  -0.2  191  -65.4  -34.4 9999  0.02  -5.1 -0.21   1.4   2.0  -0.2  192  -76.1  -31.3 9999 -0.22   0.7 -0.23   1.9   2.6  -0.3 1ldfA
 302   17 ALFAAKF  0.220 1.00  AYHVSQF   33  -66.9  -34.7  -73 -0.05  -3.4 -0.36   2.1   3.9   0.4   34  -69.7  -33.9 -148 -0.23  -1.9 -0.31   1.6   1.8  -0.9   35  -72.2  -24.6   78 -0.41  -2.6  0.01   2.3   2.8  -0.8 2qhpA
 303   17 ALFAAKF  0.224 1.00  AMLGQLL  114  -66.1  -40.0 -180  0.14  -1.9 -0.37   1.6   3.1  -0.3  115  -63.0  -34.7 9999  0.30  -3.8 -0.20   1.5   2.1  -0.2  116  -70.6  -31.7  -80 -0.53   0.6 -0.27   2.8   2.6  -0.3 2ogxB
 304   17 ALFAAKF  0.228 1.00  SLIGLHF  138  -69.5  -48.2  -64  0.16  -3.7 -0.26   1.3   3.9  -0.2  139  -57.1  -48.4 9999  0.27  -5.0 -0.20   1.3   2.3  -0.2  140  -75.4  -40.0  -62 -0.05   0.0 -0.27   2.1   2.8  -0.2 1oo0A
 305   17 ALFAAKF  0.231 1.00  ALLGRAL  261  -68.7  -39.2  -65 -0.09  -3.1 -0.52   2.0   3.3  -0.5  262  -64.9  -38.3 9999  0.03  -4.5 -0.24   0.4   2.0  -0.2  263  -63.7  -43.3 -170 -0.15   0.2 -0.29   2.1   2.8  -0.4 1ujnA
 306   17 ALFAAKF  0.234 1.00  TRIGKQL  393  -70.1  -34.9  -66  0.01  -2.7 -0.52   1.4   3.9  -0.5  394  -61.4  -39.9 9999  0.84  -4.4 -0.41   1.0   2.1   0.1  395  -70.4  -37.7  -76 -0.08   1.1 -0.23   2.6   3.3  -0.5 1fc4A
 307   17 ALFAAKF  0.236 1.00  SAYTEKF  107  -65.9  -50.3 -179  0.17  -0.7 -0.23   1.7   3.7   0.4  108  -60.3  -32.4  162  0.36  -2.2 -0.21   1.7   3.0  -0.0  109  -68.5  -32.1  164 -0.22  -2.5 -0.36   1.6   2.4  -0.2 2o8iA
 308   17 ALFAAKF  0.240 1.00  AALALQF  253  -64.4  -45.7  -72 -0.24  -1.7 -0.18   2.2   3.2  -0.1  254  -63.5  -36.5 9999  0.17  -2.1 -0.13   2.1   3.2  -0.6  255  -73.3  -36.8  177 -0.18  -0.8 -0.22   1.6   2.5  -0.2 2og9A
 309   17 ALFAAKF  0.242 1.00  EIFGEKY   11  -65.2  -41.8 -178  0.04  -3.5 -0.04   2.2   3.5   0.3   12  -64.8  -34.9 9999  0.59  -4.8 -0.12   1.2   2.4  -0.2   13  -64.2  -29.7  -80 -0.19   0.3 -0.34   2.1   2.7  -0.4 1u5uA
 310   17 ALFAAKF  0.243 1.00  ATFAASL  181  -64.5  -47.6  176 -0.14  -1.6 -0.42   1.8   4.2   0.2  182  -65.0  -34.7 9999  0.44  -3.1 -0.60   2.1   2.9  -0.8  183  -64.9  -37.9 9999  0.12  -2.6 -0.32   2.1   3.1  -0.9 1m5wA
 311   17 ALFAAKF  0.244 1.00  HILAAML  116  -63.6  -42.9 -175  0.09  -4.3 -0.28   1.5   3.0  -0.7  117  -64.4  -36.2 9999  0.46  -3.4 -0.35   2.0   3.1  -0.6  118  -60.6  -38.6 9999 -0.15  -2.3 -0.32   3.2   3.1  -0.8 2ogxA
 312   17 ALFAAKF  0.246 1.00  GAVGSKL  123  -67.7  -57.7  -72  0.05  -0.6 -0.45   1.8   4.0  -0.1  124  -66.3  -30.3 9999  0.41  -5.1 -0.11   1.0   2.1  -0.1  125  -80.1  -39.3 -168 -0.19   0.2 -0.24   1.4   2.7  -0.1 1ad2A
 313   17 ALFAAKF  0.246 1.00  VLIGSKI  104  -64.6  -44.4  -70  0.04  -2.6 -0.48   1.2   3.7  -0.1  105  -58.1  -54.4 9999  0.40  -5.3 -0.19   1.0   2.3  -0.2  106  -60.5  -33.3   81  0.23   0.8 -0.38   2.9   3.3  -0.9 2f2cA
 314   17 ALFAAKF  0.247 1.00  SLLGKAM   82  -58.5  -45.4  -83  0.15  -3.2 -0.36   1.8   3.6  -0.3   83  -56.0  -44.4 9999  0.17  -4.8 -0.21   0.6   2.0  -0.2   84  -65.5  -44.2  171 -0.23   0.2 -0.25   1.8   2.3   0.1 1josA
 315   17 ALFAAKF  0.248 1.00  IIMGIEA  122  -62.6  -44.2 -177 -0.03  -2.6 -0.27   1.9   3.4  -0.5  123  -64.6  -36.7 9999  0.35  -3.2 -0.25   1.0   2.3  -0.1  124  -70.2  -45.0  -67  0.11   0.6 -0.20   2.3   3.3  -0.2 1twiA
 316   17 ALFAAKF  0.248 1.00  RLVGAKL   61  -71.6  -28.5   75 -0.16  -5.4 -0.20   1.9   3.5  -0.5   62  -59.5  -46.5 9999  0.18  -2.8 -0.17   1.5   2.2  -0.2   63  -67.4  -39.2 9999 -0.34   2.1 -0.49   2.1   2.6  -0.5 1dwkA
 317   17 ALFAAKF  0.249 1.00  TLIAKEF   57  -59.7  -45.9  -69  0.34  -2.1 -0.31   1.7   4.8  -0.1   58  -64.5  -33.7 9999 -0.00  -5.3 -0.41   1.8   2.8  -0.8   59  -76.1  -39.2  172 -0.72  -2.4 -0.29   1.8   3.0   0.2 1ur1A
 318   17 ALFAAKF  0.250 1.00  ELLGQML  112  -73.1  -31.7  -66  0.53  -3.7 -0.34   2.0   3.2  -0.3  113  -62.7  -35.9 9999  0.11  -3.4 -0.24   0.8   2.1  -0.2  114  -72.9  -35.2 -164 -0.34   0.2 -0.20   2.3   2.5   0.0 1umdA
 319   17 ALFAAKF  0.253 1.00  TTLGAAW  750  -72.5  -56.2 -179  0.05  -0.2 -0.44   1.6   3.1   0.0  751  -68.2  -36.7 9999  0.11  -4.1 -0.11   1.5   2.3  -0.1  752  -62.5  -48.7 9999 -0.06   0.5 -0.19   2.2   2.8  -0.7 2j8sA
 320   17 ALFAAKF  0.253 1.00  MMMAVQM   78  -65.5  -44.8  -65  0.73  -2.8 -0.22   1.8   3.8   0.2   79  -62.0  -42.8 9999  0.20  -2.8 -0.30   2.0   3.3  -0.7   80  -67.8  -37.1 -170  0.14  -2.6 -0.32   1.2   2.4  -0.7 1wu4A
 321   17 ALFAAKF  0.253 1.00  PMMAAEI  143  -66.4  -45.3  -66  0.15  -2.3 -0.30   1.6   3.6   0.1  144  -65.7  -25.1 9999  0.14  -3.0 -0.68   2.5   2.6  -0.8  145  -64.2  -21.1 9999 -0.21  -2.8 -0.31   1.2   2.5  -1.0 1h97A
 322   17 ALFAAKF  0.255 1.00  MRLGKRL   39  -70.0  -36.3  175  0.10  -2.2 -0.70   1.6   2.8  -0.4   40  -62.7  -36.6 9999  0.12  -3.3 -0.41   0.7   1.9  -0.4   41  -71.0  -37.5 -176 -0.40   0.1 -0.23   2.1   2.5  -0.3 1h2eA
 323   17 ALFAAKF  0.257 1.00  DIMGKKL  111  -61.9  -44.3 -163 -0.00  -2.8 -0.47   1.8   3.3  -0.6  112  -66.4  -39.4 9999  0.33  -3.9 -0.14   1.0   2.2  -0.2  113  -71.7  -34.8  -67 -0.13   1.6 -0.27   2.7   3.2  -0.5 2p8bA
 324   17 ALFAAKF  0.257 1.00  IQLAAQY   33  -60.4  -46.3  180 -0.28  -1.5 -0.06   1.4   3.1  -0.8   34  -65.9  -38.1 9999  0.42  -3.4 -0.31   2.2   3.0  -0.8   35  -64.9  -35.8 9999 -0.15  -2.1 -0.29   2.5   3.2  -1.1 1yizA
 325   17 ALFAAKF  0.257 1.00  KFYAARM  272  -58.5  -42.0  -84  0.04  -3.4 -0.30   2.1   3.5  -0.9  273  -74.5  -48.9 9999 -0.02  -1.6 -0.18   2.1   3.1  -0.5  274  -76.9  -38.5 9999  0.33  -2.6 -0.28   1.2   2.7  -0.6 1v71A
 326   18 LFAAKFC  0.263 1.00  AYLSNFC  256  -65.3  -40.5  -68  0.78  -3.1 -0.54   2.5   2.9  -0.5  257  -78.5  -30.2   59 -0.26  -3.9 -0.33   1.3   2.7  -0.5  258  -97.4  -33.8  -73 -0.93  -3.5 -0.27   0.5   1.0   0.3 2apjA
 327   18 LFAAKFC  0.280 1.00  VIGASMG  191  -65.4  -34.4 9999  0.02  -5.1 -0.21   1.4   2.0  -0.2  192  -76.1  -31.3 9999 -0.22   0.7 -0.23   1.9   2.6  -0.3  193  -88.3  -25.9   65 -0.40  -4.2 -0.05   0.7   1.9   0.8 1ldfA
 328   18 LFAAKFC  0.291 1.00  ILAAMLA  117  -64.4  -36.2 9999  0.46  -3.4 -0.35   2.0   3.1  -0.6  118  -60.6  -38.6 9999 -0.15  -2.3 -0.32   3.2   3.1  -0.8  119  -73.5  -21.8  -60 -0.69  -2.8 -0.15   0.8   2.1  -0.1 2ogxA
 329   18 LFAAKFC  0.292 1.00  AIAAEIG  256  -61.4  -43.4 9999  0.55  -4.6 -0.39   2.0   3.5  -1.1  257  -69.0  -31.7 9999 -0.01  -2.4 -0.28   1.5   3.1  -0.8  258  -77.9  -29.6  -79 -0.54  -2.2 -0.15   1.5   2.1   0.2 1pq4A
 330   18 LFAAKFC  0.304 1.00  YcMAQLL  128  -67.3  -43.2  180 -0.18  -0.3 -0.16   1.7   2.3  -0.3  129  -58.6  -36.1 9999  0.23  -2.7 -0.32   2.4   3.5  -0.6  130  -68.5  -21.0  -76 -0.45  -2.1 -0.35   1.1   2.3  -0.0 1evsA
 331   18 LFAAKFC  0.307 1.00  YHVSQFG   34  -69.7  -33.9 -148 -0.23  -1.9 -0.31   1.6   1.8  -0.9   35  -72.2  -24.6   78 -0.41  -2.6  0.01   2.3   2.8  -0.8   36  -59.9  -24.0  -71 -0.62  -2.1 -0.47   1.1   2.5  -0.1 2qhpA
 332   18 LFAAKFC  0.309 1.00  LYMSKHL   77  -64.8  -46.7  -69  0.26  -3.2 -0.30   2.2   3.0   0.1   78  -65.7  -29.4  -58 -0.23  -1.1 -0.10   1.3   3.6  -0.3   79  -82.1  -48.3 -145 -0.69  -1.7 -0.40   1.0   2.1   0.3 1zjjA
 333   18 LFAAKFC  0.310 1.00  LLQAPFT  301  -73.9  -30.9 -156  0.16  -1.7 -0.17   2.1   2.9  -0.0  302  -43.4  -47.5 9999  0.04  -2.4 -0.26  -0.4   5.1  -1.9  303  -67.5   -1.3   33  0.00  -2.8 -0.16  -0.6   1.4  -0.3 1n4kA
 334   18 LFAAKFC  0.314 1.00  VISTMFP  111  -63.5  -37.7  -66 -0.15  -4.3 -0.23   2.1   2.9  -0.3  112  -61.3  -39.5 -161 -0.09  -2.5 -0.35   1.4   3.6  -0.5  113  -71.5  -32.8   61 -0.77  -3.8 -0.16  -0.4   1.2   0.8 2h8fA
 335   18 LFAAKFC  0.315 1.00  VIGVVSL  356  -64.5  -38.0 9999  0.45  -5.2 -0.26   1.4   2.3  -0.2  357  -73.2  -45.6  -66 -0.43   1.0 -0.42   2.0   3.6  -0.1  358  -79.3  -23.4   69 -0.43  -8.2 -0.18   0.6   2.5  -0.5 2hbjA
 336   18 LFAAKFC  0.316 1.00  MMAVQMD   79  -62.0  -42.8 9999  0.20  -2.8 -0.30   2.0   3.3  -0.7   80  -67.8  -37.1 -170  0.14  -2.6 -0.32   1.2   2.4  -0.7   81  -68.7  -31.4  -71 -0.31  -2.2 -0.22   1.5   2.9  -0.4 1wu4A
 337   18 LFAAKFC  0.317 1.00  TLAASVY  568  -65.5  -37.4 9999  0.41  -2.8 -0.21   2.3   2.8  -0.7  569  -65.4  -32.1 9999  0.36  -2.5 -0.66   1.9   2.8  -1.5  570  -65.4  -36.1   80 -0.34  -2.9 -0.26   0.7   3.1  -0.6 2olsA
 338   18 LFAAKFC  0.317 1.00  ILAARLA   99  -62.9  -36.2 9999  0.48  -3.8 -0.45   2.5   3.0  -0.8  100  -69.7  -39.9 9999 -0.33  -2.0 -0.26   2.1   3.1  -1.1  101  -71.3  -40.6  -63 -0.44  -2.2 -0.30   1.9   2.9  -0.4 2f8yA
 339   18 LFAAKFC  0.318 1.00  RYVSKYT  407  -61.5  -31.6 -160  0.41  -1.4 -0.58   1.1   2.1  -0.6  408  -62.6  -30.6  -68 -0.52  -1.5 -0.40   2.0   3.9  -0.4  409  -67.0  -26.7  -62 -0.48  -2.2  0.12   1.5   2.3  -0.3 4ubpC
 340   18 LFAAKFC  0.320 1.00  TFAASLG  182  -65.0  -34.7 9999  0.44  -3.1 -0.60   2.1   2.9  -0.8  183  -64.9  -37.9 9999  0.12  -2.6 -0.32   2.1   3.1  -0.9  184  -67.7  -17.2   71 -0.41  -2.5 -0.27   0.5   2.8  -0.3 1m5wA
 341   18 LFAAKFC  0.321 1.00  MHGTRLG   45  -63.7  -38.3 9999  0.01  -3.4 -0.15   1.4   2.5   0.0   46  -68.6  -39.7  -69 -0.19   2.6 -0.25   1.4   4.1  -0.4   47  -75.3  -31.8  179 -0.21  -2.3 -0.19   1.7   2.5  -0.3 1z2iA
 342   18 LFAAKFC  0.322 1.00  HWLTSIA  138  -68.4  -33.7  -73  0.47  -3.1 -0.29   3.0   2.9  -0.8  139  -72.0  -37.5  -70 -0.15  -0.5 -0.37   1.5   3.9  -0.2  140  -67.3  -19.3 -172 -0.10  -3.5 -0.22   0.8   2.7   0.1 1sw6A
 343   18 LFAAKFC  0.323 1.00  VWAAMMI   98  -63.1  -34.8 9999  0.54  -3.3 -0.16   2.2   3.2  -0.6   99  -64.6  -39.9 9999  0.05  -2.5 -0.22   2.3   3.1  -0.7  100  -85.2   -9.1   77 -0.14  -3.8 -0.20   0.4   2.0  -0.4 1tzzA
 344   18 LFAAKFC  0.324 1.00  FYVANYL  182  -58.5  -51.4  -63  0.29  -1.7 -0.61   2.2   4.0  -0.3  183  -70.8  -29.1 9999  0.20  -5.3 -0.45   1.3   3.0  -1.0  184  -85.1  -27.2  -79 -0.81  -3.4 -0.39   0.6   1.3   0.5 1zyoA
 345   18 LFAAKFC  0.325 1.00  LLKSKFA  194  -58.5  -37.9  -72  0.03  -4.2 -0.23   3.2   3.0  -0.6  195  -65.0  -21.8   79 -0.18  -2.6 -0.23   1.4   3.1  -0.5  196  -83.0  -17.2  -51 -0.60  -2.9 -0.22   0.7   1.2   0.5 2et1A
 346   18 LFAAKFC  0.327 1.00  MLGASVA  191  -64.8  -42.6 9999  0.04  -3.9 -0.10   1.4   2.4  -0.1  192  -67.4  -29.3 9999 -0.08   0.5 -0.31   2.6   2.7  -0.9  193  -75.5  -10.6   75  0.24  -2.6 -0.01   0.5   2.8  -0.1 2d7iA
 347   18 LFAAKFC  0.330 1.00  TTMVEYA  527  -64.6  -42.3  -61  0.14  -4.2 -0.13   2.4   1.9  -0.6  528  -64.6  -41.6  -70  0.13  -1.7 -0.48   1.4   4.9  -0.2  529  -76.3  -28.5  -71  0.14  -5.0 -0.28   1.5   2.9  -0.3 2bptA
 348   18 LFAAKFC  0.330 1.00  LLASNFI  290  -61.6  -30.0 9999  0.57  -1.5  0.05   3.0   3.3  -0.6  291  -65.0  -22.4   68  0.07  -2.8 -0.58   2.0   2.9  -0.7  292  -71.3  -18.4  -69 -0.05  -1.5 -0.29   1.2   2.3  -0.2 1ooyA
 349   18 LFAAKFC  0.330 1.00  TVASQFA  117  -64.2  -31.7 9999  0.49  -4.7 -0.37   2.6   3.1  -1.2  118  -65.7  -21.8   73 -0.08  -3.2 -0.28   1.5   2.8  -0.5  119  -78.8  -17.2  -42 -0.41  -2.9 -0.38   0.3   1.4  -0.6 1h1nA
 350   18 LFAAKFC  0.330 1.00  YLGVRLD  548  -65.4  -30.8 9999  0.08  -3.5 -0.30   1.3   2.1  -0.3  549  -70.4  -36.2  -68 -0.56   0.7 -0.37   2.3   3.4  -0.3  550  -71.8  -20.1  -71 -0.88  -4.2 -0.21   0.1   1.5   0.1 2cfuA
 351   19 FAAKFC?  0.287 1.00  YLLQFAR  256  -74.1  -23.0  -72  0.38  -3.6 -0.30   1.9   2.3  -0.9  257  -92.0  -31.3  -72 -0.77  -3.7 -0.24   0.7   1.1   0.6  258 -116.4  -20.2  -65 -0.47  -7.6  0.19  -0.5   0.1   1.6 1bs0A
 352   19 FAAKFC?  0.319 1.00  LARQYSS   54  -79.5  -26.8 -173 -0.62  -2.1 -0.34   2.0   2.7  -0.7   55  -75.7  -36.2  172 -0.74  -3.3 -0.40  -0.7   2.1   0.6   56 -109.5  147.3  -60 -0.41  -4.9  0.44   0.1  -1.3   2.0 1xwyA
 353   19 FAAKFC?  0.324 1.00  ILKQYAG  184  -59.3  -36.6 -180 -0.06  -1.4 -0.41   1.6   3.3  -0.4  185  -74.4  -33.3 -166 -0.83  -3.5 -0.38   1.2   2.5   0.2  186 -112.4  -17.2  -66 -0.41  -6.5  0.18   1.0   0.4   1.8 2im5A
 354   19 FAAKFC?  0.371 1.00  FMERYAV   73  -58.1  -22.3 -172 -0.02  -0.5 -0.33   2.3   2.7  -0.3   74  -73.1  -29.8  -49 -0.85  -3.5 -0.46   0.5   2.1  -0.8   75 -118.7  -47.2  -45 -0.48  -7.6  0.14   0.2   0.7   1.8 1a53A
 355   19 FAAKFC?  0.372 1.00  LASRWNR  402  -65.6  -37.9  -60 -0.34  -2.2 -0.22   1.7   3.0  -0.1  403  -76.6  -35.5  -73 -0.42  -2.2 -0.29   0.8   2.1   0.2  404 -111.4    4.8  -62 -0.19  -8.0  0.27  -0.6  -1.0   0.6 1z02A
 356   19 FAAKFC?  0.373 1.00  LAARFGA  441  -65.9  -35.3 9999 -0.15  -2.1 -0.30   2.2   3.1  -1.3  442  -78.7  -42.7  -88 -0.74  -1.9 -0.45   1.0   2.1   0.4  443 -113.2   -7.9  -65 -0.35  -7.7  0.12  -0.3   0.1   1.4 2fuvA
 357   19 FAAKFC?  0.374 1.00  ILREFAF   47  -58.2  -43.2  -88  0.19  -3.4 -0.30   2.1   2.5  -0.1   48  -79.4  -35.7 -171 -0.81  -3.5 -0.48   0.8   2.0   0.1   49 -120.6  -14.9  -58 -0.24  -5.8  0.31   0.0  -0.1   1.6 2ooaA
 358   19 FAAKFC?  0.375 1.00  LAQEYGT   38  -65.5  -47.4 -110 -0.34  -1.4 -0.39   2.0   3.3  -0.3   39  -76.0  -38.8  167 -0.46  -2.9 -0.42   1.0   2.3  -0.0   40 -110.8  -21.1  -64 -0.52  -6.8  0.14  -0.3   0.3   1.8 2o0tA
 359   19 FAAKFC?  0.377 1.00  LGLELAD  179  -59.7  -33.5  -79 -0.01   0.2 -0.41   2.3   2.6  -0.7  180  -77.3  -19.8  -83 -0.51  -4.1 -0.23   0.7   2.5  -0.0  181 -106.7  -10.3  -50 -0.74  -5.4  0.02  -0.8  -0.6   1.1 1v47A
 360   19 FAAKFC?  0.381 1.00  YITRFCN  216  -61.2  -41.1  -59 -0.07  -2.5 -0.49   1.6   4.8  -0.3  217  -76.5  -41.5  -66  0.11  -3.8 -0.35   0.6   2.6  -0.0  218 -120.8   -6.6  -67 -0.36  -8.5  0.40  -0.4  -0.4   1.4 2ot3A
 361   19 FAAKFC?  0.381 1.00  MVSKLKK   62  -65.7  -34.0  -31 -0.28  -1.3 -0.42   2.3   3.9  -0.4   63  -70.6  -27.1  -63 -0.52  -4.7 -0.01   1.0   1.7   0.0   64  -76.0  139.1  -63 -1.07  -2.0 -0.05   0.0   0.1   0.3 2pgdA
 362   19 FAAKFC?  0.389 1.00  LLSRYLP   66  -62.6  -28.5   75 -0.17  -3.3 -0.49   2.3   3.1  -1.0   67  -67.1  -23.1  -57 -0.25  -2.0 -0.32   0.6   2.3  -0.2   68 -118.2  -13.9  -64  0.31  -7.2  0.33  -0.1   0.1   1.8 2q78A
 363   19 FAAKFC?  0.391 1.00  WLTSIAN  139  -72.0  -37.5  -70 -0.15  -0.5 -0.37   1.5   3.9  -0.2  140  -67.3  -19.3 -172 -0.10  -3.5 -0.22   0.8   2.7   0.1  141 -102.0    6.4 -121 -1.24  -4.2  0.03  -1.0  -0.4   0.1 1sw6A
 364   19 FAAKFC?  0.393 1.00  LLQELAS  389  -61.9  -43.9  157  0.07  -2.1 -0.35   2.4   3.6  -0.4  390  -79.8  -36.2  -63 -0.34  -3.6 -0.28   1.3   2.3   0.2  391 -116.5  -20.7  -52 -0.25  -6.1  0.04   0.3  -0.1   0.6 2rhsB
 365   19 FAAKFC?  0.393 1.00  IAAEIGA  257  -69.0  -31.7 9999 -0.01  -2.4 -0.28   1.5   3.1  -0.8  258  -77.9  -29.6  -79 -0.54  -2.2 -0.15   1.5   2.1   0.2  259 -106.1    5.9   73 -0.70 -10.1  0.16  -0.5  -1.2  -0.3 1pq4A
 366   19 FAAKFC?  0.398 1.00  MLKQYAD   50  -62.8  -36.4 -176  0.10  -1.2 -0.47   1.8   3.6  -0.1   51  -79.6  -47.0  180 -0.67  -3.5 -0.41   1.0   2.2   0.3   52 -120.1    5.1  -65 -0.19  -7.2  0.28   0.7  -0.1   1.4 2dkoB
 367   19 FAAKFC?  0.400 1.00  YSDRYSE  253  -71.1  -37.7  -74 -0.13  -0.6 -0.28   2.8   3.1  -0.8  254  -80.3  -36.9  -63 -0.51  -3.6 -0.47   0.5   2.0   0.1  255 -112.3    5.1  -48 -0.37  -5.9  0.18   0.7  -0.6   0.9 2dpoA
 368   19 FAAKFC?  0.400 1.00  LSASYAV   48  -63.7  -40.7 9999  0.27  -1.0 -0.43   2.2   3.1  -1.2   49  -67.1  -20.1   75 -0.16  -2.6 -0.33   0.8   2.4  -0.2   50  -97.6    3.8  -89 -0.72  -3.4  0.05  -1.1  -0.5   0.5 2hjpA
 369   19 FAAKFC?  0.404 1.00  ISTEFAR  129  -74.6  -27.3  -48 -0.28   0.3 -0.03   1.6   4.9  -0.2  130  -96.0  -39.1 -154 -0.81  -3.2 -0.33   1.0   1.7   0.1  131 -112.9  -19.4  -63 -0.13  -5.8  0.23   0.4  -0.1   1.6 1zj8A
 370   19 FAAKFC?  0.405 1.00  cMAQLLD  129  -58.6  -36.1 9999  0.23  -2.7 -0.32   2.4   3.5  -0.6  130  -68.5  -21.0  -76 -0.45  -2.1 -0.35   1.1   2.3  -0.0  131  -89.5  -20.6 -105 -0.51  -5.0 -0.00   0.4   0.3   0.9 1evsA
 371   19 FAAKFC?  0.406 1.00  LVENWLS  178  -54.7  -38.0 -174  0.17  -3.1 -0.47   2.7   3.3  -0.4  179  -66.4  -23.6  -66 -0.44  -2.8 -0.25   1.4   2.8   0.3  180 -101.6   -8.7  -72 -0.14  -6.0  0.03  -0.3   0.5   0.5 2p41A
 372   19 FAAKFC?  0.408 1.00  YVSKYTI  408  -62.6  -30.6  -68 -0.52  -1.5 -0.40   2.0   3.9  -0.4  409  -67.0  -26.7  -62 -0.48  -2.2  0.12   1.5   2.3  -0.3  410 -117.7    9.0   62 -1.22  -6.9  0.27   0.6  -1.0   1.4 4ubpC
 373   19 FAAKFC?  0.409 1.00  LAASVYP  569  -65.4  -32.1 9999  0.36  -2.5 -0.66   1.9   2.8  -1.5  570  -65.4  -36.1   80 -0.34  -2.9 -0.26   0.7   3.1  -0.6  571 -116.6    0.7   60 -0.84  -9.6  0.40  -0.1  -1.5   0.6 2olsA
 374   19 FAAKFC?  0.410 1.00  VASQFAS  118  -65.7  -21.8   73 -0.08  -3.2 -0.28   1.5   2.8  -0.5  119  -78.8  -17.2  -42 -0.41  -2.9 -0.38   0.3   1.4  -0.6  120 -133.2   19.3  -62 -0.27  -4.3  0.35   0.7  -0.4   0.9 1h1nA
 375   19 FAAKFC?  0.416 1.00  HVSQFGF   35  -72.2  -24.6   78 -0.41  -2.6  0.01   2.3   2.8  -0.8   36  -59.9  -24.0  -71 -0.62  -2.1 -0.47   1.1   2.5  -0.1   37  -96.9   14.6  -70 -0.89  -5.4  0.05  -0.8  -0.1   0.3 2qhpA
 376   20 AAKFC??  0.458 0.00  ARQYSSC   55  -75.7  -36.2  172 -0.74  -3.3 -0.40  -0.7   2.1   0.6   56 -109.5  147.3  -60 -0.41  -4.9  0.44   0.1  -1.3   2.0   57  -73.3  154.7   58  0.61  -1.1  0.06  -0.4  -0.5   1.1 1xwyA
 377   20 AAKFC??  0.497 1.00  LKQYAGE  185  -74.4  -33.3 -166 -0.83  -3.5 -0.38   1.2   2.5   0.2  186 -112.4  -17.2  -66 -0.41  -6.5  0.18   1.0   0.4   1.8  187  -80.1  -13.1 9999  0.31  -3.1  0.32   0.3   0.6   0.8 2im5A
 378   20 AAKFC??  0.523 1.00  AScFcRN  214  -84.9  -34.1  -71 -0.47  -2.4 -0.40   0.8   3.7  -0.2  215 -117.0  -19.1  -53 -0.33  -6.7  0.23  -0.2   0.2   1.7  216  -74.8  123.2  -90 -0.59  -2.6  0.01  -0.1  -0.8   0.2 1xtaA
 379   20 AAKFC??  0.529 1.00  VSKYTIN  409  -67.0  -26.7  -62 -0.48  -2.2  0.12   1.5   2.3  -0.3  410 -117.7    9.0   62 -1.22  -6.9  0.27   0.6  -1.0   1.4  411 -122.3  -83.2   57 -0.62  -5.3  0.31   1.0   0.1   0.8 4ubpC
 380   20 AAKFC??  0.532 1.00  ITRFCNP  217  -76.5  -41.5  -66  0.11  -3.8 -0.35   0.6   2.6  -0.0  218 -120.8   -6.6  -67 -0.36  -8.5  0.40  -0.4  -0.4   1.4  219  -72.3  139.6 -177 -0.54  -0.9 -0.10  -1.0  -0.1   0.4 2ot3A
 381   20 AAKFC??  0.550 1.00  VVEFADL  124  -72.5  -23.3  -59 -0.27  -2.4 -0.34   0.9   2.3  -0.6  125 -100.2   -8.5  -60 -0.72  -6.5  0.04  -0.5   0.0   0.3  126  -95.2  139.6 9999 -0.98  -1.5  0.11  -0.4  -0.7   1.4 1jeoA
 382   20 AAKFC??  0.565 1.00  STEFARD  130  -96.0  -39.1 -154 -0.81  -3.2 -0.33   1.0   1.7   0.1  131 -112.9  -19.4  -63 -0.13  -5.8  0.23   0.4  -0.1   1.6  132 -112.5    9.6 9999 -0.28  -4.0  0.39  -1.1  -0.8  -0.3 1zj8A
 383   20 AAKFC??  0.573 1.00  ASQIGAR   32  -71.8  -33.5  -56 -0.50  -1.8 -0.16   1.9   2.6  -0.1   33  -98.2  -15.4   71 -0.70  -9.5  0.06  -0.2  -0.6   0.4   34   80.1   32.8 9999 -0.16  -0.7 -0.02  -0.5   1.0  -0.0 2pfsA
 384   20 AAKFC??  0.581 1.00  ELRYAPL   73  -70.5  -23.7  -81 -0.79  -3.8 -0.42   0.7   2.2  -0.4   74 -110.7    3.1  -58 -0.53  -7.0  0.25  -0.2  -0.8   0.5   75  -81.4  161.4 9999 -0.94  -0.7  0.16  -1.9  -0.9  -0.3 2qywA
 385   20 AAKFC??  0.581 1.00  LQELASG  390  -79.8  -36.2  -63 -0.34  -3.6 -0.28   1.3   2.3   0.2  391 -116.5  -20.7  -52 -0.25  -6.1  0.04   0.3  -0.1   0.6  392 -109.8    4.7 9999 -0.25  -5.4  0.11  -1.1  -1.0  -0.2 2rhsB
 386   20 AAKFC??  0.587 1.00  VSQFSVK   80  -67.1  -18.8  -40 -0.26  -2.6 -0.26   0.9   2.2   0.1   81 -105.6    7.6  -65 -0.09  -6.6  0.17  -0.5  -0.9  -0.0   82  -63.7  150.2  164 -0.47  -0.9  0.10   1.1   0.5   0.5 1auiB
 387   20 AAKFC??  0.590 1.00  VEKIMNS   13  -71.6  -33.0  -62 -0.49  -3.5 -0.25   1.9   2.4  -0.4   14 -104.1  -11.6   68 -0.70 -11.6  0.25   0.1  -0.6   0.8   15  -65.2  163.1   71 -0.66  -0.7 -0.08  -0.7  -0.2   1.0 1pvmA
 388   20 AAKFC??  0.591 1.00  VSKITDP  113  -62.2  -32.1  -76 -0.79  -1.5 -0.22   2.0   2.2  -0.5  114  -98.3   -5.4   59 -0.85 -11.7  0.22  -0.7  -0.2   0.3  115  -92.9  126.5  -55 -0.95  -0.0  0.08  -0.4   0.2   1.0 1pprM
 389   20 AAKFC??  0.592 1.00  VRDFAGD   80  -63.5  -22.9  -76 -0.48  -3.6 -0.21   1.5   3.1   0.4   81 -124.2  -13.7   57 -0.93  -7.0  0.27   0.9  -1.1   1.3   82  -90.4  -15.0 9999 -0.63  -1.7  0.18  -0.0  -0.1   0.8 2ij2A
 390   20 AAKFC??  0.593 1.00  AAYFADA  610  -78.6  -47.5  -86 -0.60  -4.0 -0.46   0.9   2.7  -0.0  611 -117.7   13.9  -44 -0.24  -6.9  0.38   0.2  -0.4   0.7  612 -131.4   68.5 9999 -0.39  -1.1  0.33  -0.0  -1.4  -0.2 1t3qB
 391   20 AAKFC??  0.594 1.00  GAQFIGA  504  -85.0  -33.5  -63 -0.67  -2.9 -0.19   0.8   1.8   0.8  505 -113.6  -18.3  -68 -0.21  -7.9  0.30  -0.2   0.1   1.7  506  -74.4  119.5  -66 -0.90  -1.7 -0.22   0.7   2.2  -0.7 1vlbA
 392   20 AAKFC??  0.595 1.00  VSQFGFD   36  -59.9  -24.0  -71 -0.62  -2.1 -0.47   1.1   2.5  -0.1   37  -96.9   14.6  -70 -0.89  -5.4  0.05  -0.8  -0.1   0.3   38   86.6    9.5 9999 -0.43  -1.9 -0.06  -0.1   0.6  -0.1 2qhpA
 393   20 AAKFC??  0.595 1.00  AARYAAG  682  -88.9  -39.2 -173 -0.74  -1.8 -0.36   1.2   1.6   0.1  683 -112.3  -29.4  -56 -0.64  -5.0  0.11   0.8   1.0   1.9  684 -102.7    1.0 9999 -0.26  -4.2  0.16  -0.1  -0.2   0.7 1ulvA
 394   20 AAKFC??  0.596 1.00  LCKFSLF   79  -65.4  -23.4  -63 -0.14  -2.6 -0.20   1.1   2.3  -0.3   80  -97.5    0.7  -66 -0.38  -5.0  0.07  -0.9  -0.5   0.6   81   63.7   28.9  -55 -0.08  -5.8 -0.13  -0.9   1.5  -1.9 2c6qA
 395   20 AAKFC??  0.597 0.00  AEKYAVN  112 -117.9   10.7  -65 -0.75  -3.7 -0.35   0.7   2.0  -1.0  113  -62.3  148.6  -50 -0.36  -6.2  0.26  -0.1  -0.8   0.4  114 -122.1  121.1 9999 -0.76  -0.9  0.29  -0.2   1.0   0.4 2heuA
 396   20 AAKFC??  0.597 1.00  ASQFASN  119  -78.8  -17.2  -42 -0.41  -2.9 -0.38   0.3   1.4  -0.6  120 -133.2   19.3  -62 -0.27  -4.3  0.35   0.7  -0.4   0.9  121  -65.6  -27.1 9999 -0.11  -0.5 -0.06   0.8   3.1  -0.5 1h1nA
 397   20 AAKFC??  0.603 1.00  LSRYLPN   67  -67.1  -23.1  -57 -0.25  -2.0 -0.32   0.6   2.3  -0.2   68 -118.2  -13.9  -64  0.31  -7.2  0.33  -0.1   0.1   1.8   69  -72.1  137.2  -71 -0.79  -1.4  0.23  -2.0  -1.3  -0.0 2q78A
 398   20 AAKFC??  0.603 1.00  GVRLGGQ  203  -65.0  -24.3  -67 -0.20  -4.6 -0.21   1.5   3.1  -0.3  204  -92.1   12.3  -86 -0.82  -5.0  0.08  -0.1   0.0   0.2  205  104.5   11.0 9999 -0.13  -3.8  0.05  -0.4  -0.4   0.0 3b4uA
 399   20 AAKFC??  0.604 1.00  GAELAAG   62  -73.9  -38.4  -72 -0.11  -1.7 -0.26   1.5   2.9   0.3   63  -88.5  -13.0  -64 -0.31  -5.1  0.07  -0.3  -0.0  -0.2   64  -61.8  143.6 9999 -0.94  -1.3 -0.21  -0.3   0.4   0.3 2hw2A
 400   20 AAKFC??  0.608 1.00  PSQWCGE  309  -67.8  -18.4  -66 -0.11  -1.8 -0.14   1.3   2.6   0.5  310 -122.3   -5.1   43 -1.03  -5.7  0.23   0.6  -0.8   1.8  311 -125.8   14.1   77 -0.65  -4.0  0.24   0.3  -0.6   1.1 1sqgA
