REMARK  Neural network predicted 2D Phi/Psi distribution map for bmr30789_3_7ju9_edit.str.txt

REMARK  Ramachandran map is grouped into 18x18 Phi/Psi boxes
REMARK  Q_k: predicted likelihood of a residue residing in the k-th box

REMARK  Phi/Psi box index matrix
REMARK    PHI:       -180 -160 -140 -120 -100  -80  -60  -40  -20    0   20   40   60   80  100  120  140  160 
REMARK --------------------------------------------------------------------
REMARK    PSI=  160:   17   35   53   71   89  107  125  143  161  179  197  215  233  251  269  287  305  323 
REMARK    PSI=  140:   16   34   52   70   88  106  124  142  160  178  196  214  232  250  268  286  304  322 
REMARK    PSI=  120:   15   33   51   69   87  105  123  141  159  177  195  213  231  249  267  285  303  321 
REMARK    PSI=  100:   14   32   50   68   86  104  122  140  158  176  194  212  230  248  266  284  302  320 
REMARK    PSI=   80:   13   31   49   67   85  103  121  139  157  175  193  211  229  247  265  283  301  319 
REMARK    PSI=   60:   12   30   48   66   84  102  120  138  156  174  192  210  228  246  264  282  300  318 
REMARK    PSI=   40:   11   29   47   65   83  101  119  137  155  173  191  209  227  245  263  281  299  317 
REMARK    PSI=   20:   10   28   46   64   82  100  118  136  154  172  190  208  226  244  262  280  298  316 
REMARK    PSI=    0:    9   27   45   63   81   99  117  135  153  171  189  207  225  243  261  279  297  315 
REMARK    PSI=  -20:    8   26   44   62   80   98  116  134  152  170  188  206  224  242  260  278  296  314 
REMARK    PSI=  -40:    7   25   43   61   79   97  115  133  151  169  187  205  223  241  259  277  295  313 
REMARK    PSI=  -60:    6   24   42   60   78   96  114  132  150  168  186  204  222  240  258  276  294  312 
REMARK    PSI=  -80:    5   23   41   59   77   95  113  131  149  167  185  203  221  239  257  275  293  311 
REMARK    PSI= -100:    4   22   40   58   76   94  112  130  148  166  184  202  220  238  256  274  292  310 
REMARK    PSI= -120:    3   21   39   57   75   93  111  129  147  165  183  201  219  237  255  273  291  309 
REMARK    PSI= -140:    2   20   38   56   74   92  110  128  146  164  182  200  218  236  254  272  290  308 
REMARK    PSI= -160:    1   19   37   55   73   91  109  127  145  163  181  199  217  235  253  271  289  307 
REMARK    PSI= -180:    0   18   36   54   72   90  108  126  144  162  180  198  216  234  252  270  288  306 

VARS RESID RESNAME CS_CNT5 CS_CNT_R2 CLUST_N CLUST_1_PER Q_0 Q_1 Q_2 Q_3 Q_4 Q_5 Q_6 Q_7 Q_8 Q_9 Q_10 Q_11 Q_12 Q_13 Q_14 Q_15 Q_16 Q_17 Q_18 Q_19 Q_20 Q_21 Q_22 Q_23 Q_24 Q_25 Q_26 Q_27 Q_28 Q_29 Q_30 Q_31 Q_32 Q_33 Q_34 Q_35 Q_36 Q_37 Q_38 Q_39 Q_40 Q_41 Q_42 Q_43 Q_44 Q_45 Q_46 Q_47 Q_48 Q_49 Q_50 Q_51 Q_52 Q_53 Q_54 Q_55 Q_56 Q_57 Q_58 Q_59 Q_60 Q_61 Q_62 Q_63 Q_64 Q_65 Q_66 Q_67 Q_68 Q_69 Q_70 Q_71 Q_72 Q_73 Q_74 Q_75 Q_76 Q_77 Q_78 Q_79 Q_80 Q_81 Q_82 Q_83 Q_84 Q_85 Q_86 Q_87 Q_88 Q_89 Q_90 Q_91 Q_92 Q_93 Q_94 Q_95 Q_96 Q_97 Q_98 Q_99 Q_100 Q_101 Q_102 Q_103 Q_104 Q_105 Q_106 Q_107 Q_108 Q_109 Q_110 Q_111 Q_112 Q_113 Q_114 Q_115 Q_116 Q_117 Q_118 Q_119 Q_120 Q_121 Q_122 Q_123 Q_124 Q_125 Q_126 Q_127 Q_128 Q_129 Q_130 Q_131 Q_132 Q_133 Q_134 Q_135 Q_136 Q_137 Q_138 Q_139 Q_140 Q_141 Q_142 Q_143 Q_144 Q_145 Q_146 Q_147 Q_148 Q_149 Q_150 Q_151 Q_152 Q_153 Q_154 Q_155 Q_156 Q_157 Q_158 Q_159 Q_160 Q_161 Q_162 Q_163 Q_164 Q_165 Q_166 Q_167 Q_168 Q_169 Q_170 Q_171 Q_172 Q_173 Q_174 Q_175 Q_176 Q_177 Q_178 Q_179 Q_180 Q_181 Q_182 Q_183 Q_184 Q_185 Q_186 Q_187 Q_188 Q_189 Q_190 Q_191 Q_192 Q_193 Q_194 Q_195 Q_196 Q_197 Q_198 Q_199 Q_200 Q_201 Q_202 Q_203 Q_204 Q_205 Q_206 Q_207 Q_208 Q_209 Q_210 Q_211 Q_212 Q_213 Q_214 Q_215 Q_216 Q_217 Q_218 Q_219 Q_220 Q_221 Q_222 Q_223 Q_224 Q_225 Q_226 Q_227 Q_228 Q_229 Q_230 Q_231 Q_232 Q_233 Q_234 Q_235 Q_236 Q_237 Q_238 Q_239 Q_240 Q_241 Q_242 Q_243 Q_244 Q_245 Q_246 Q_247 Q_248 Q_249 Q_250 Q_251 Q_252 Q_253 Q_254 Q_255 Q_256 Q_257 Q_258 Q_259 Q_260 Q_261 Q_262 Q_263 Q_264 Q_265 Q_266 Q_267 Q_268 Q_269 Q_270 Q_271 Q_272 Q_273 Q_274 Q_275 Q_276 Q_277 Q_278 Q_279 Q_280 Q_281 Q_282 Q_283 Q_284 Q_285 Q_286 Q_287 Q_288 Q_289 Q_290 Q_291 Q_292 Q_293 Q_294 Q_295 Q_296 Q_297 Q_298 Q_299 Q_300 Q_301 Q_302 Q_303 Q_304 Q_305 Q_306 Q_307 Q_308 Q_309 Q_310 Q_311 Q_312 Q_313 Q_314 Q_315 Q_316 Q_317 Q_318 Q_319 Q_320 Q_321 Q_322 Q_323 
FORMAT %4d %1s %2d %2d  %2d  %5.2f   %5.3f %5.3f %5.3f %5.3f %5.3f %5.3f %5.3f %5.3f %5.3f %5.3f %5.3f %5.3f %5.3f %5.3f %5.3f %5.3f %5.3f %5.3f %5.3f %5.3f %5.3f %5.3f %5.3f %5.3f %5.3f %5.3f %5.3f %5.3f %5.3f %5.3f %5.3f %5.3f %5.3f %5.3f %5.3f %5.3f %5.3f %5.3f %5.3f %5.3f %5.3f %5.3f %5.3f %5.3f %5.3f %5.3f %5.3f %5.3f %5.3f %5.3f %5.3f %5.3f %5.3f %5.3f %5.3f %5.3f %5.3f %5.3f %5.3f %5.3f %5.3f %5.3f %5.3f %5.3f %5.3f %5.3f %5.3f %5.3f %5.3f %5.3f %5.3f %5.3f %5.3f %5.3f %5.3f %5.3f %5.3f %5.3f %5.3f %5.3f %5.3f %5.3f %5.3f %5.3f %5.3f %5.3f %5.3f %5.3f %5.3f %5.3f %5.3f %5.3f %5.3f %5.3f %5.3f %5.3f %5.3f %5.3f %5.3f %5.3f %5.3f %5.3f %5.3f %5.3f %5.3f %5.3f %5.3f %5.3f %5.3f %5.3f %5.3f %5.3f %5.3f %5.3f %5.3f %5.3f %5.3f %5.3f %5.3f %5.3f %5.3f %5.3f %5.3f %5.3f %5.3f %5.3f %5.3f %5.3f %5.3f %5.3f %5.3f %5.3f %5.3f %5.3f %5.3f %5.3f %5.3f %5.3f %5.3f %5.3f %5.3f %5.3f %5.3f %5.3f %5.3f %5.3f %5.3f %5.3f %5.3f %5.3f %5.3f %5.3f %5.3f %5.3f %5.3f %5.3f %5.3f %5.3f %5.3f %5.3f %5.3f %5.3f %5.3f %5.3f %5.3f %5.3f %5.3f %5.3f %5.3f %5.3f %5.3f %5.3f %5.3f %5.3f %5.3f %5.3f %5.3f %5.3f %5.3f %5.3f %5.3f %5.3f %5.3f %5.3f %5.3f %5.3f %5.3f %5.3f %5.3f %5.3f %5.3f %5.3f %5.3f %5.3f %5.3f %5.3f %5.3f %5.3f %5.3f %5.3f %5.3f %5.3f %5.3f %5.3f %5.3f %5.3f %5.3f %5.3f %5.3f %5.3f %5.3f %5.3f %5.3f %5.3f %5.3f %5.3f %5.3f %5.3f %5.3f %5.3f %5.3f %5.3f %5.3f %5.3f %5.3f %5.3f %5.3f %5.3f %5.3f %5.3f %5.3f %5.3f %5.3f %5.3f %5.3f %5.3f %5.3f %5.3f %5.3f %5.3f %5.3f %5.3f %5.3f %5.3f %5.3f %5.3f %5.3f %5.3f %5.3f %5.3f %5.3f %5.3f %5.3f %5.3f %5.3f %5.3f %5.3f %5.3f %5.3f %5.3f %5.3f %5.3f %5.3f %5.3f %5.3f %5.3f %5.3f %5.3f %5.3f %5.3f %5.3f %5.3f %5.3f %5.3f %5.3f %5.3f %5.3f %5.3f %5.3f %5.3f %5.3f %5.3f %5.3f %5.3f %5.3f %5.3f %5.3f %5.3f %5.3f %5.3f %5.3f %5.3f %5.3f %5.3f %5.3f %5.3f %5.3f %5.3f %5.3f %5.3f %5.3f %5.3f %5.3f %5.3f %5.3f %5.3f %5.3f %5.3f %5.3f %5.3f %5.3f %5.3f %5.3f %5.3f %5.3f %5.3f %5.3f %5.3f %5.3f %5.3f %5.3f %5.3f %5.3f %5.3f 

    2 R  7  2   2 0.719   0.001 0.001 0.002 0.000 0.000 0.000 0.000 0.000 0.001 0.002 0.001 0.000 0.005 0.004 0.000 0.015 0.003 0.017 0.025 0.005 0.005 0.000 0.000 0.001 0.002 0.002 0.001 0.011 0.010 0.011 0.009 0.019 0.008 0.005 0.001 0.012 0.010 0.010 0.000 0.001 0.000 0.000 0.006 0.017 0.022 0.013 0.019 0.011 0.036 0.025 0.014 0.000 0.000 0.007 0.011 0.007 0.000 0.000 0.001 0.008 0.021 0.052 0.044 0.051 0.031 0.030 0.049 0.049 0.068 0.038 0.013 0.027 0.035 0.019 0.003 0.000 0.000 0.037 0.041 0.088 0.123 0.068 0.043 0.041 0.075 0.122 0.172 0.159 0.147 0.105 0.079 0.012 0.004 0.001 0.005 0.013 0.042 0.122 0.105 0.073 0.038 0.030 0.077 0.133 0.205 0.314 0.315 0.189 0.053 0.009 0.003 0.000 0.009 0.044 0.086 0.062 0.077 0.045 0.019 0.013 0.031 0.067 0.144 0.255 0.273 0.150 0.014 0.004 0.000 0.000 0.000 0.002 0.014 0.030 0.034 0.006 0.005 0.004 0.008 0.013 0.051 0.109 0.110 0.055 0.006 0.001 0.000 0.002 0.000 0.004 0.010 0.000 0.006 0.002 0.002 0.001 0.000 0.001 0.012 0.018 0.020 0.007 0.001 0.000 0.000 0.000 0.003 0.002 0.002 0.000 0.001 0.000 0.000 0.003 0.000 0.000 0.002 0.000 0.005 0.002 0.000 0.001 0.001 0.000 0.000 0.003 0.000 0.000 0.001 0.004 0.011 0.010 0.007 0.003 0.000 0.000 0.000 0.002 0.001 0.000 0.000 0.001 0.002 0.000 0.002 0.002 0.005 0.008 0.018 0.017 0.013 0.004 0.001 0.000 0.002 0.001 0.002 0.000 0.000 0.003 0.002 0.001 0.001 0.000 0.006 0.009 0.025 0.023 0.015 0.005 0.002 0.000 0.001 0.000 0.000 0.000 0.000 0.002 0.001 0.001 0.000 0.000 0.007 0.007 0.015 0.010 0.005 0.002 0.002 0.001 0.004 0.002 0.001 0.002 0.000 0.000 0.002 0.000 0.000 0.000 0.000 0.000 0.004 0.002 0.001 0.001 0.000 0.000 0.000 0.000 0.000 0.001 0.000 0.000 0.000 0.000 0.000 0.000 0.000 0.000 0.001 0.003 0.002 0.000 0.001 0.000 0.002 0.000 0.001 0.003 0.001 0.000 0.002 0.000 0.000 0.000 0.000 0.000 0.000 0.002 0.000 0.000 0.000 0.002 0.000 0.005 0.010 0.003 0.001 0.000 0.000 0.002 0.001 0.002 0.002 0.002 0.001 0.000 0.000 0.000 0.001 0.007 0.013 0.002 
    3 I  8  2   2 0.740   0.002 0.002 0.001 0.001 0.001 0.000 0.000 0.000 0.000 0.000 0.000 0.000 0.003 0.006 0.011 0.012 0.008 0.000 0.002 0.000 0.001 0.000 0.001 0.001 0.001 0.003 0.004 0.005 0.004 0.001 0.006 0.017 0.035 0.037 0.026 0.013 0.000 0.000 0.001 0.001 0.001 0.003 0.007 0.014 0.015 0.019 0.012 0.009 0.011 0.036 0.079 0.114 0.071 0.016 0.013 0.002 0.002 0.001 0.004 0.009 0.021 0.034 0.050 0.042 0.029 0.016 0.016 0.055 0.138 0.201 0.142 0.047 0.044 0.010 0.003 0.001 0.004 0.016 0.046 0.078 0.091 0.067 0.035 0.016 0.018 0.061 0.185 0.281 0.237 0.122 0.063 0.013 0.002 0.001 0.004 0.025 0.074 0.114 0.102 0.064 0.026 0.010 0.012 0.060 0.176 0.322 0.325 0.183 0.045 0.008 0.002 0.000 0.002 0.013 0.063 0.096 0.066 0.028 0.008 0.003 0.006 0.028 0.113 0.235 0.254 0.145 0.015 0.003 0.001 0.000 0.002 0.012 0.028 0.031 0.022 0.012 0.002 0.001 0.002 0.010 0.038 0.090 0.099 0.054 0.005 0.001 0.000 0.001 0.002 0.002 0.008 0.010 0.005 0.001 0.001 0.000 0.000 0.001 0.007 0.018 0.019 0.009 0.000 0.000 0.000 0.001 0.001 0.000 0.001 0.000 0.000 0.001 0.001 0.000 0.000 0.000 0.001 0.002 0.003 0.001 0.000 0.001 0.000 0.001 0.000 0.000 0.000 0.000 0.000 0.002 0.001 0.003 0.002 0.001 0.000 0.000 0.000 0.000 0.002 0.003 0.001 0.001 0.001 0.001 0.000 0.000 0.003 0.002 0.005 0.004 0.005 0.002 0.000 0.000 0.000 0.000 0.001 0.002 0.003 0.002 0.001 0.000 0.001 0.001 0.001 0.007 0.008 0.007 0.005 0.002 0.001 0.000 0.000 0.002 0.001 0.003 0.002 0.000 0.001 0.000 0.001 0.000 0.001 0.002 0.004 0.004 0.002 0.001 0.000 0.000 0.002 0.000 0.000 0.000 0.000 0.000 0.000 0.000 0.001 0.000 0.000 0.001 0.000 0.001 0.000 0.000 0.001 0.000 0.001 0.001 0.000 0.000 0.001 0.000 0.000 0.001 0.000 0.000 0.000 0.000 0.000 0.000 0.000 0.000 0.000 0.001 0.001 0.000 0.000 0.000 0.001 0.000 0.000 0.000 0.000 0.000 0.000 0.000 0.000 0.000 0.001 0.000 0.001 0.001 0.001 0.000 0.000 0.001 0.000 0.001 0.000 0.000 0.000 0.000 0.000 0.000 0.000 0.000 0.000 0.001 0.002 0.003 0.001 0.000 
    4 D  9  2   2 0.657   0.006 0.003 0.004 0.000 0.000 0.000 0.000 0.000 0.000 0.002 0.003 0.002 0.005 0.009 0.000 0.038 0.011 0.037 0.036 0.016 0.004 0.001 0.000 0.001 0.001 0.004 0.000 0.007 0.008 0.021 0.032 0.026 0.010 0.019 0.024 0.036 0.015 0.022 0.001 0.002 0.000 0.000 0.004 0.020 0.018 0.011 0.014 0.016 0.065 0.052 0.007 0.000 0.000 0.015 0.000 0.003 0.000 0.000 0.000 0.010 0.014 0.063 0.018 0.034 0.031 0.032 0.093 0.090 0.113 0.013 0.007 0.019 0.000 0.013 0.003 0.002 0.000 0.050 0.051 0.080 0.130 0.059 0.023 0.061 0.141 0.236 0.226 0.117 0.088 0.079 0.068 0.002 0.003 0.001 0.023 0.000 0.059 0.145 0.086 0.054 0.020 0.051 0.144 0.233 0.258 0.277 0.212 0.107 0.033 0.003 0.002 0.002 0.020 0.075 0.130 0.076 0.120 0.063 0.024 0.023 0.059 0.100 0.174 0.213 0.181 0.083 0.010 0.005 0.000 0.001 0.000 0.000 0.028 0.047 0.040 0.000 0.006 0.005 0.015 0.020 0.061 0.098 0.084 0.036 0.005 0.001 0.000 0.001 0.000 0.001 0.000 0.000 0.008 0.003 0.003 0.001 0.000 0.001 0.015 0.015 0.010 0.001 0.000 0.000 0.000 0.000 0.002 0.006 0.003 0.002 0.004 0.000 0.000 0.004 0.000 0.000 0.001 0.000 0.004 0.002 0.000 0.001 0.003 0.000 0.000 0.004 0.001 0.000 0.001 0.010 0.014 0.010 0.018 0.005 0.000 0.000 0.000 0.002 0.005 0.000 0.001 0.001 0.002 0.000 0.002 0.003 0.000 0.005 0.000 0.008 0.014 0.004 0.001 0.000 0.003 0.000 0.000 0.000 0.000 0.008 0.000 0.001 0.005 0.000 0.002 0.000 0.020 0.012 0.014 0.008 0.000 0.000 0.005 0.000 0.000 0.000 0.001 0.007 0.000 0.000 0.000 0.000 0.011 0.004 0.007 0.007 0.004 0.006 0.004 0.000 0.002 0.002 0.007 0.004 0.002 0.002 0.003 0.000 0.000 0.000 0.000 0.000 0.009 0.005 0.002 0.001 0.000 0.000 0.000 0.003 0.000 0.001 0.000 0.000 0.000 0.000 0.000 0.000 0.000 0.000 0.003 0.004 0.003 0.000 0.004 0.000 0.001 0.000 0.005 0.001 0.004 0.000 0.002 0.000 0.000 0.001 0.001 0.000 0.000 0.002 0.000 0.000 0.000 0.004 0.004 0.008 0.020 0.008 0.004 0.001 0.000 0.003 0.002 0.003 0.005 0.002 0.004 0.000 0.000 0.000 0.000 0.008 0.021 0.002 
    5 A  8  1   2 0.567   0.000 0.000 0.001 0.001 0.000 0.000 0.000 0.001 0.002 0.003 0.003 0.000 0.004 0.006 0.000 0.016 0.004 0.007 0.009 0.003 0.001 0.000 0.001 0.000 0.002 0.000 0.008 0.015 0.015 0.014 0.016 0.012 0.021 0.006 0.005 0.000 0.000 0.004 0.000 0.001 0.000 0.000 0.007 0.025 0.043 0.056 0.050 0.022 0.036 0.016 0.043 0.000 0.000 0.000 0.016 0.001 0.001 0.000 0.001 0.011 0.028 0.070 0.122 0.139 0.101 0.062 0.053 0.041 0.060 0.035 0.023 0.001 0.017 0.012 0.005 0.000 0.000 0.043 0.042 0.138 0.201 0.201 0.107 0.077 0.082 0.108 0.146 0.122 0.089 0.086 0.052 0.003 0.003 0.001 0.012 0.036 0.103 0.230 0.217 0.173 0.070 0.044 0.073 0.096 0.123 0.176 0.170 0.112 0.032 0.004 0.003 0.000 0.007 0.065 0.119 0.165 0.158 0.090 0.032 0.018 0.022 0.034 0.077 0.106 0.121 0.070 0.004 0.000 0.000 0.000 0.000 0.006 0.059 0.060 0.066 0.015 0.007 0.003 0.006 0.005 0.023 0.036 0.042 0.026 0.002 0.002 0.000 0.002 0.000 0.001 0.008 0.002 0.012 0.003 0.003 0.000 0.000 0.000 0.006 0.005 0.007 0.002 0.001 0.000 0.000 0.000 0.001 0.004 0.001 0.000 0.002 0.000 0.000 0.004 0.000 0.001 0.001 0.000 0.001 0.002 0.000 0.000 0.002 0.000 0.000 0.002 0.000 0.001 0.002 0.006 0.013 0.017 0.011 0.006 0.001 0.000 0.000 0.001 0.002 0.000 0.002 0.000 0.002 0.000 0.003 0.001 0.001 0.008 0.006 0.020 0.016 0.003 0.000 0.000 0.002 0.002 0.000 0.000 0.000 0.001 0.000 0.000 0.002 0.000 0.000 0.000 0.022 0.024 0.015 0.005 0.001 0.000 0.003 0.000 0.000 0.000 0.000 0.003 0.000 0.000 0.000 0.000 0.007 0.004 0.016 0.006 0.002 0.004 0.002 0.000 0.003 0.003 0.005 0.002 0.000 0.002 0.001 0.000 0.000 0.000 0.000 0.000 0.006 0.004 0.001 0.002 0.001 0.000 0.000 0.000 0.000 0.000 0.000 0.001 0.000 0.000 0.000 0.000 0.000 0.000 0.002 0.002 0.002 0.000 0.002 0.000 0.000 0.000 0.001 0.003 0.002 0.001 0.002 0.000 0.000 0.000 0.000 0.000 0.000 0.001 0.000 0.000 0.000 0.001 0.000 0.004 0.008 0.000 0.000 0.000 0.000 0.002 0.001 0.002 0.003 0.000 0.001 0.000 0.000 0.000 0.000 0.005 0.013 0.000 
    6 C  8  2   1 1.000   0.002 0.005 0.001 0.000 0.002 0.000 0.000 0.001 0.000 0.002 0.003 0.002 0.013 0.015 0.020 0.003 0.000 0.010 0.000 0.000 0.002 0.000 0.002 0.002 0.002 0.005 0.001 0.008 0.009 0.009 0.028 0.051 0.019 0.000 0.000 0.000 0.000 0.000 0.001 0.003 0.003 0.005 0.011 0.007 0.015 0.018 0.011 0.021 0.072 0.081 0.042 0.018 0.000 0.000 0.000 0.000 0.000 0.003 0.003 0.011 0.017 0.034 0.052 0.040 0.029 0.029 0.063 0.095 0.103 0.101 0.017 0.006 0.043 0.013 0.002 0.001 0.003 0.012 0.052 0.063 0.061 0.037 0.044 0.012 0.048 0.092 0.190 0.253 0.200 0.108 0.081 0.014 0.002 0.005 0.000 0.006 0.016 0.028 0.071 0.053 0.028 0.014 0.028 0.076 0.236 0.417 0.454 0.240 0.071 0.014 0.003 0.001 0.006 0.000 0.000 0.038 0.016 0.003 0.007 0.003 0.013 0.047 0.187 0.377 0.386 0.216 0.024 0.004 0.001 0.000 0.000 0.000 0.000 0.000 0.000 0.000 0.002 0.002 0.002 0.016 0.072 0.155 0.168 0.086 0.008 0.003 0.000 0.000 0.003 0.003 0.000 0.000 0.000 0.000 0.002 0.002 0.000 0.003 0.010 0.026 0.030 0.014 0.000 0.000 0.003 0.001 0.002 0.000 0.001 0.000 0.000 0.000 0.001 0.001 0.001 0.000 0.001 0.005 0.007 0.004 0.001 0.002 0.001 0.000 0.000 0.001 0.001 0.000 0.001 0.001 0.005 0.005 0.005 0.001 0.001 0.000 0.000 0.000 0.002 0.004 0.003 0.002 0.002 0.002 0.002 0.000 0.002 0.000 0.006 0.000 0.007 0.005 0.002 0.000 0.000 0.000 0.002 0.004 0.003 0.000 0.003 0.000 0.000 0.005 0.000 0.000 0.007 0.012 0.004 0.000 0.002 0.004 0.000 0.002 0.001 0.001 0.000 0.001 0.001 0.000 0.000 0.000 0.001 0.008 0.005 0.004 0.004 0.003 0.003 0.000 0.000 0.000 0.000 0.001 0.000 0.000 0.000 0.002 0.001 0.001 0.000 0.001 0.000 0.000 0.000 0.001 0.001 0.000 0.005 0.001 0.000 0.000 0.000 0.000 0.001 0.000 0.001 0.000 0.000 0.001 0.000 0.000 0.001 0.000 0.000 0.001 0.004 0.004 0.004 0.002 0.001 0.000 0.000 0.000 0.000 0.000 0.001 0.000 0.000 0.000 0.001 0.000 0.002 0.000 0.000 0.000 0.004 0.004 0.001 0.000 0.002 0.000 0.000 0.000 0.000 0.000 0.001 0.002 0.001 0.002 0.005 0.002 0.006 0.000 
    7 P  8  1   2 0.609   0.018 0.000 0.002 0.000 0.000 0.000 0.000 0.000 0.000 0.002 0.000 0.000 0.000 0.000 0.000 0.006 0.000 0.007 0.025 0.011 0.004 0.002 0.000 0.002 0.000 0.000 0.002 0.011 0.009 0.010 0.000 0.010 0.009 0.000 0.000 0.036 0.043 0.019 0.001 0.002 0.000 0.003 0.013 0.029 0.000 0.008 0.011 0.000 0.020 0.000 0.000 0.000 0.000 0.015 0.035 0.018 0.005 0.004 0.002 0.000 0.016 0.061 0.014 0.024 0.035 0.017 0.038 0.000 0.000 0.000 0.000 0.051 0.041 0.029 0.004 0.005 0.000 0.034 0.067 0.172 0.153 0.038 0.021 0.031 0.050 0.046 0.024 0.026 0.047 0.144 0.110 0.029 0.006 0.006 0.009 0.024 0.130 0.182 0.140 0.087 0.041 0.021 0.051 0.060 0.104 0.195 0.266 0.230 0.079 0.017 0.006 0.001 0.020 0.048 0.194 0.180 0.146 0.056 0.025 0.013 0.018 0.031 0.117 0.235 0.303 0.210 0.030 0.008 0.002 0.000 0.004 0.006 0.082 0.096 0.096 0.022 0.007 0.004 0.007 0.010 0.059 0.128 0.152 0.096 0.009 0.003 0.001 0.002 0.000 0.009 0.016 0.016 0.017 0.005 0.003 0.002 0.000 0.000 0.012 0.021 0.037 0.016 0.001 0.000 0.000 0.000 0.005 0.004 0.002 0.000 0.003 0.000 0.001 0.000 0.000 0.000 0.002 0.000 0.004 0.000 0.000 0.002 0.001 0.000 0.000 0.000 0.000 0.001 0.003 0.004 0.000 0.003 0.002 0.002 0.000 0.000 0.000 0.000 0.003 0.003 0.000 0.003 0.004 0.002 0.003 0.001 0.000 0.001 0.000 0.000 0.003 0.000 0.000 0.001 0.002 0.002 0.004 0.000 0.003 0.005 0.000 0.000 0.002 0.006 0.001 0.000 0.007 0.000 0.000 0.000 0.000 0.002 0.003 0.000 0.001 0.000 0.000 0.000 0.002 0.000 0.000 0.001 0.001 0.000 0.000 0.000 0.000 0.002 0.003 0.002 0.002 0.000 0.000 0.001 0.000 0.000 0.001 0.001 0.000 0.003 0.006 0.000 0.003 0.000 0.000 0.000 0.003 0.000 0.000 0.004 0.001 0.001 0.000 0.000 0.001 0.000 0.000 0.001 0.000 0.000 0.000 0.000 0.003 0.000 0.002 0.001 0.002 0.000 0.003 0.002 0.002 0.000 0.001 0.000 0.000 0.002 0.000 0.000 0.002 0.001 0.000 0.001 0.000 0.004 0.002 0.002 0.005 0.003 0.005 0.004 0.000 0.000 0.000 0.000 0.001 0.002 0.000 0.000 0.000 0.000 0.000 0.008 0.005 0.000 
    8 A  9  2   2 0.587   0.008 0.000 0.001 0.001 0.000 0.000 0.000 0.002 0.000 0.002 0.005 0.002 0.001 0.007 0.003 0.012 0.011 0.002 0.000 0.005 0.000 0.003 0.002 0.006 0.004 0.003 0.013 0.014 0.018 0.005 0.007 0.019 0.038 0.008 0.044 0.015 0.015 0.008 0.004 0.006 0.002 0.006 0.015 0.031 0.026 0.057 0.050 0.022 0.030 0.011 0.014 0.007 0.000 0.000 0.010 0.007 0.001 0.005 0.008 0.006 0.008 0.051 0.110 0.145 0.098 0.053 0.045 0.017 0.004 0.000 0.000 0.000 0.057 0.014 0.005 0.006 0.000 0.009 0.004 0.084 0.235 0.173 0.122 0.050 0.058 0.051 0.016 0.049 0.060 0.095 0.073 0.014 0.002 0.005 0.007 0.000 0.000 0.004 0.135 0.169 0.083 0.029 0.038 0.053 0.142 0.251 0.263 0.172 0.060 0.013 0.002 0.002 0.009 0.000 0.000 0.000 0.078 0.062 0.028 0.013 0.011 0.027 0.144 0.291 0.334 0.187 0.025 0.005 0.002 0.003 0.012 0.000 0.000 0.000 0.011 0.010 0.007 0.006 0.002 0.015 0.083 0.163 0.165 0.085 0.009 0.003 0.000 0.000 0.002 0.000 0.000 0.000 0.004 0.000 0.002 0.002 0.002 0.003 0.016 0.038 0.037 0.015 0.001 0.001 0.000 0.000 0.002 0.004 0.000 0.001 0.001 0.000 0.003 0.003 0.002 0.000 0.003 0.006 0.008 0.005 0.000 0.000 0.002 0.000 0.002 0.000 0.000 0.000 0.002 0.013 0.014 0.022 0.016 0.002 0.001 0.002 0.000 0.000 0.001 0.000 0.001 0.002 0.001 0.002 0.002 0.000 0.015 0.027 0.023 0.034 0.021 0.003 0.000 0.001 0.000 0.001 0.000 0.000 0.002 0.003 0.001 0.000 0.000 0.003 0.006 0.034 0.058 0.038 0.022 0.006 0.000 0.000 0.001 0.000 0.004 0.000 0.000 0.003 0.000 0.000 0.001 0.008 0.018 0.042 0.022 0.016 0.010 0.004 0.003 0.001 0.001 0.000 0.002 0.000 0.000 0.000 0.000 0.002 0.002 0.010 0.015 0.011 0.002 0.006 0.002 0.001 0.002 0.000 0.008 0.000 0.000 0.000 0.000 0.002 0.003 0.000 0.002 0.002 0.000 0.000 0.000 0.003 0.001 0.001 0.001 0.000 0.002 0.000 0.000 0.004 0.000 0.001 0.000 0.000 0.000 0.005 0.005 0.000 0.002 0.000 0.000 0.000 0.002 0.002 0.000 0.000 0.000 0.000 0.000 0.001 0.001 0.001 0.000 0.002 0.000 0.002 0.000 0.003 0.000 0.000 0.005 0.008 0.000 0.000 
    9 G  9  2   4 0.371   0.020 0.012 0.008 0.006 0.004 0.000 0.001 0.006 0.002 0.005 0.002 0.000 0.004 0.001 0.000 0.000 0.010 0.025 0.000 0.017 0.007 0.004 0.003 0.000 0.000 0.000 0.006 0.006 0.003 0.009 0.012 0.006 0.040 0.000 0.012 0.000 0.003 0.006 0.012 0.003 0.000 0.008 0.008 0.009 0.013 0.043 0.034 0.011 0.011 0.000 0.000 0.000 0.000 0.013 0.027 0.029 0.012 0.008 0.005 0.000 0.000 0.006 0.068 0.086 0.065 0.027 0.018 0.013 0.000 0.000 0.000 0.003 0.043 0.022 0.018 0.006 0.001 0.000 0.000 0.000 0.096 0.126 0.085 0.039 0.032 0.016 0.000 0.056 0.033 0.100 0.033 0.021 0.009 0.007 0.005 0.000 0.000 0.000 0.000 0.100 0.077 0.024 0.018 0.008 0.061 0.089 0.100 0.055 0.027 0.006 0.004 0.008 0.000 0.000 0.000 0.000 0.000 0.045 0.021 0.008 0.008 0.017 0.055 0.127 0.151 0.079 0.007 0.003 0.005 0.001 0.006 0.000 0.000 0.000 0.000 0.008 0.005 0.001 0.001 0.011 0.037 0.080 0.076 0.032 0.004 0.005 0.000 0.000 0.000 0.000 0.000 0.000 0.000 0.001 0.000 0.001 0.003 0.002 0.009 0.019 0.011 0.007 0.000 0.003 0.000 0.001 0.001 0.004 0.002 0.000 0.000 0.002 0.007 0.003 0.006 0.003 0.005 0.000 0.000 0.002 0.002 0.010 0.020 0.013 0.010 0.001 0.000 0.000 0.000 0.026 0.034 0.053 0.024 0.005 0.002 0.002 0.000 0.005 0.015 0.052 0.068 0.056 0.028 0.007 0.002 0.005 0.033 0.100 0.136 0.139 0.060 0.020 0.005 0.001 0.001 0.002 0.050 0.067 0.098 0.076 0.036 0.010 0.007 0.005 0.073 0.190 0.221 0.171 0.073 0.020 0.002 0.000 0.006 0.017 0.057 0.065 0.067 0.050 0.030 0.010 0.005 0.030 0.118 0.173 0.170 0.105 0.042 0.010 0.002 0.004 0.012 0.025 0.041 0.040 0.029 0.026 0.015 0.007 0.009 0.035 0.074 0.086 0.087 0.036 0.017 0.006 0.002 0.007 0.018 0.029 0.033 0.030 0.019 0.013 0.005 0.002 0.006 0.012 0.030 0.030 0.019 0.013 0.003 0.005 0.000 0.000 0.011 0.029 0.026 0.023 0.010 0.012 0.000 0.001 0.001 0.009 0.009 0.008 0.007 0.000 0.002 0.004 0.000 0.004 0.000 0.018 0.025 0.026 0.011 0.007 0.000 0.000 0.000 0.001 0.004 0.002 0.000 0.000 0.004 0.000 0.011 0.006 0.020 0.029 
   10 G 10  2   1 1.000   0.000 0.000 0.000 0.000 0.000 0.000 0.003 0.000 0.002 0.014 0.000 0.000 0.001 0.002 0.030 0.003 0.000 0.020 0.027 0.016 0.008 0.000 0.000 0.000 0.021 0.029 0.000 0.000 0.018 0.016 0.005 0.016 0.000 0.000 0.055 0.078 0.087 0.060 0.015 0.000 0.002 0.018 0.000 0.000 0.012 0.000 0.002 0.004 0.000 0.050 0.047 0.000 0.198 0.007 0.116 0.047 0.031 0.009 0.021 0.041 0.052 0.000 0.065 0.000 0.047 0.050 0.000 0.050 0.000 0.000 0.092 0.035 0.048 0.054 0.023 0.000 0.000 0.034 0.000 0.079 0.000 0.000 0.039 0.001 0.063 0.000 0.000 0.000 0.000 0.069 0.000 0.021 0.010 0.015 0.000 0.000 0.000 0.000 0.054 0.058 0.045 0.001 0.000 0.019 0.119 0.000 0.046 0.033 0.000 0.011 0.005 0.000 0.000 0.000 0.000 0.052 0.028 0.056 0.030 0.003 0.004 0.038 0.000 0.031 0.023 0.061 0.000 0.010 0.000 0.002 0.040 0.000 0.000 0.003 0.010 0.033 0.000 0.011 0.000 0.001 0.025 0.010 0.000 0.033 0.000 0.002 0.002 0.009 0.000 0.000 0.000 0.000 0.000 0.006 0.000 0.003 0.007 0.000 0.003 0.020 0.009 0.000 0.000 0.000 0.008 0.007 0.004 0.002 0.002 0.002 0.000 0.003 0.005 0.000 0.004 0.000 0.003 0.000 0.011 0.002 0.006 0.015 0.022 0.000 0.009 0.006 0.008 0.020 0.015 0.030 0.021 0.011 0.023 0.000 0.000 0.004 0.000 0.011 0.011 0.038 0.035 0.020 0.000 0.002 0.012 0.049 0.144 0.179 0.148 0.000 0.024 0.018 0.000 0.000 0.000 0.005 0.005 0.043 0.081 0.016 0.000 0.001 0.043 0.131 0.375 0.422 0.194 0.107 0.029 0.012 0.000 0.000 0.009 0.015 0.034 0.029 0.024 0.008 0.000 0.000 0.025 0.150 0.351 0.425 0.231 0.092 0.030 0.007 0.011 0.005 0.027 0.000 0.000 0.000 0.012 0.000 0.002 0.000 0.001 0.064 0.157 0.188 0.119 0.036 0.023 0.020 0.000 0.008 0.000 0.007 0.000 0.000 0.000 0.000 0.000 0.001 0.004 0.004 0.021 0.028 0.023 0.014 0.015 0.001 0.000 0.000 0.000 0.000 0.010 0.000 0.004 0.000 0.000 0.001 0.000 0.000 0.000 0.000 0.000 0.000 0.005 0.000 0.005 0.000 0.005 0.003 0.010 0.000 0.010 0.000 0.000 0.000 0.000 0.003 0.007 0.000 0.000 0.000 0.000 0.001 0.000 0.036 0.000 0.002 
   11 G 10  2   3 0.459   0.000 0.000 0.000 0.000 0.000 0.000 0.012 0.000 0.000 0.011 0.000 0.016 0.011 0.000 0.006 0.000 0.115 0.056 0.000 0.000 0.000 0.000 0.000 0.000 0.011 0.011 0.000 0.019 0.000 0.002 0.000 0.002 0.011 0.000 0.009 0.000 0.029 0.000 0.000 0.000 0.000 0.000 0.000 0.011 0.020 0.030 0.024 0.024 0.000 0.034 0.046 0.000 0.080 0.050 0.016 0.000 0.017 0.000 0.010 0.000 0.008 0.000 0.079 0.084 0.129 0.000 0.051 0.000 0.063 0.000 0.119 0.047 0.003 0.062 0.033 0.007 0.000 0.004 0.062 0.153 0.167 0.110 0.098 0.020 0.000 0.053 0.091 0.009 0.026 0.071 0.046 0.012 0.007 0.007 0.000 0.000 0.000 0.073 0.159 0.128 0.035 0.011 0.000 0.000 0.099 0.000 0.000 0.088 0.009 0.018 0.014 0.007 0.016 0.021 0.245 0.272 0.077 0.000 0.023 0.000 0.000 0.000 0.012 0.000 0.000 0.000 0.000 0.007 0.006 0.013 0.036 0.012 0.000 0.024 0.000 0.011 0.000 0.001 0.012 0.013 0.029 0.021 0.000 0.000 0.009 0.011 0.007 0.013 0.004 0.000 0.029 0.018 0.010 0.000 0.005 0.000 0.010 0.000 0.000 0.000 0.000 0.000 0.000 0.000 0.000 0.000 0.000 0.000 0.010 0.000 0.000 0.009 0.012 0.014 0.009 0.008 0.000 0.000 0.000 0.003 0.010 0.019 0.000 0.000 0.000 0.001 0.000 0.001 0.018 0.046 0.072 0.061 0.039 0.000 0.011 0.000 0.008 0.013 0.014 0.037 0.037 0.000 0.000 0.000 0.000 0.022 0.078 0.179 0.274 0.127 0.069 0.008 0.006 0.004 0.000 0.000 0.009 0.024 0.032 0.000 0.000 0.000 0.003 0.029 0.195 0.313 0.332 0.196 0.051 0.000 0.008 0.012 0.000 0.005 0.000 0.011 0.003 0.000 0.000 0.000 0.010 0.028 0.149 0.296 0.264 0.110 0.028 0.013 0.000 0.005 0.007 0.000 0.015 0.000 0.000 0.000 0.000 0.000 0.017 0.032 0.075 0.118 0.088 0.033 0.024 0.004 0.002 0.003 0.000 0.007 0.005 0.005 0.000 0.000 0.000 0.000 0.000 0.004 0.023 0.023 0.026 0.013 0.010 0.000 0.004 0.000 0.008 0.006 0.000 0.000 0.000 0.002 0.002 0.001 0.000 0.000 0.000 0.013 0.010 0.011 0.002 0.000 0.000 0.000 0.022 0.000 0.000 0.000 0.002 0.007 0.011 0.003 0.001 0.007 0.002 0.008 0.000 0.003 0.007 0.000 0.000 0.002 0.013 0.000 
   12 C 10  2   2 0.568   0.026 0.013 0.003 0.003 0.001 0.006 0.001 0.000 0.000 0.012 0.008 0.003 0.005 0.016 0.028 0.002 0.087 0.061 0.023 0.011 0.000 0.003 0.000 0.000 0.000 0.007 0.006 0.000 0.000 0.002 0.009 0.033 0.005 0.003 0.064 0.064 0.023 0.006 0.000 0.000 0.000 0.000 0.000 0.004 0.000 0.000 0.000 0.015 0.020 0.048 0.081 0.075 0.151 0.112 0.032 0.028 0.000 0.003 0.000 0.013 0.000 0.002 0.000 0.000 0.000 0.029 0.025 0.053 0.140 0.204 0.205 0.095 0.033 0.009 0.004 0.004 0.000 0.015 0.044 0.167 0.106 0.072 0.000 0.001 0.019 0.049 0.164 0.314 0.278 0.134 0.075 0.014 0.000 0.008 0.015 0.027 0.089 0.147 0.238 0.093 0.006 0.004 0.000 0.101 0.155 0.284 0.278 0.170 0.017 0.006 0.000 0.000 0.000 0.000 0.090 0.160 0.180 0.053 0.016 0.000 0.000 0.019 0.088 0.207 0.214 0.079 0.008 0.001 0.000 0.008 0.000 0.006 0.039 0.032 0.038 0.030 0.002 0.000 0.000 0.012 0.037 0.045 0.046 0.019 0.003 0.000 0.002 0.003 0.000 0.000 0.013 0.000 0.000 0.000 0.000 0.000 0.000 0.000 0.000 0.003 0.003 0.000 0.000 0.002 0.004 0.000 0.000 0.000 0.001 0.000 0.000 0.002 0.001 0.000 0.002 0.004 0.000 0.000 0.000 0.000 0.002 0.002 0.002 0.005 0.000 0.001 0.002 0.002 0.000 0.003 0.000 0.003 0.005 0.001 0.000 0.000 0.005 0.002 0.000 0.000 0.000 0.000 0.000 0.002 0.000 0.000 0.000 0.025 0.012 0.012 0.004 0.004 0.008 0.003 0.000 0.000 0.000 0.000 0.000 0.007 0.005 0.000 0.000 0.006 0.000 0.000 0.026 0.024 0.000 0.000 0.002 0.005 0.000 0.000 0.000 0.001 0.000 0.003 0.000 0.000 0.002 0.003 0.000 0.009 0.015 0.000 0.000 0.002 0.000 0.000 0.000 0.000 0.000 0.006 0.000 0.000 0.000 0.000 0.000 0.000 0.000 0.008 0.021 0.005 0.002 0.002 0.003 0.000 0.005 0.005 0.005 0.003 0.000 0.000 0.000 0.000 0.003 0.003 0.000 0.000 0.002 0.002 0.005 0.000 0.004 0.000 0.001 0.006 0.008 0.000 0.000 0.000 0.004 0.000 0.006 0.004 0.000 0.000 0.000 0.003 0.004 0.007 0.001 0.000 0.005 0.007 0.013 0.008 0.002 0.000 0.000 0.000 0.002 0.000 0.002 0.000 0.001 0.000 0.000 0.003 0.004 0.014 0.023 0.031 
   13 C 10  2   2 0.646   0.024 0.003 0.000 0.000 0.000 0.005 0.001 0.000 0.000 0.000 0.000 0.007 0.000 0.003 0.031 0.000 0.020 0.010 0.013 0.014 0.000 0.000 0.000 0.001 0.003 0.007 0.001 0.010 0.000 0.000 0.021 0.021 0.049 0.062 0.035 0.043 0.044 0.006 0.000 0.000 0.000 0.001 0.011 0.034 0.008 0.032 0.009 0.011 0.026 0.067 0.076 0.090 0.109 0.076 0.000 0.012 0.003 0.000 0.001 0.018 0.038 0.104 0.101 0.035 0.014 0.000 0.006 0.033 0.102 0.089 0.108 0.066 0.021 0.015 0.004 0.000 0.007 0.044 0.154 0.281 0.293 0.118 0.029 0.000 0.008 0.027 0.103 0.127 0.082 0.057 0.020 0.005 0.002 0.000 0.000 0.065 0.250 0.381 0.325 0.104 0.025 0.005 0.001 0.037 0.120 0.209 0.134 0.072 0.000 0.000 0.002 0.000 0.000 0.000 0.083 0.327 0.207 0.101 0.000 0.000 0.000 0.013 0.035 0.095 0.065 0.022 0.003 0.005 0.001 0.000 0.000 0.000 0.053 0.075 0.052 0.020 0.004 0.000 0.001 0.002 0.013 0.020 0.053 0.012 0.004 0.002 0.004 0.000 0.000 0.003 0.002 0.002 0.010 0.003 0.000 0.002 0.000 0.000 0.000 0.003 0.007 0.003 0.001 0.000 0.002 0.003 0.001 0.000 0.005 0.000 0.000 0.000 0.000 0.003 0.001 0.000 0.002 0.000 0.002 0.000 0.001 0.000 0.003 0.001 0.000 0.002 0.000 0.002 0.000 0.006 0.000 0.005 0.001 0.005 0.000 0.000 0.000 0.000 0.000 0.000 0.000 0.000 0.000 0.000 0.000 0.007 0.000 0.030 0.014 0.015 0.010 0.002 0.000 0.001 0.000 0.000 0.001 0.000 0.006 0.010 0.000 0.002 0.002 0.004 0.006 0.022 0.033 0.009 0.010 0.003 0.000 0.000 0.002 0.000 0.000 0.000 0.000 0.000 0.000 0.000 0.000 0.000 0.000 0.023 0.020 0.004 0.000 0.000 0.000 0.002 0.004 0.000 0.000 0.004 0.000 0.000 0.000 0.002 0.000 0.000 0.001 0.002 0.002 0.000 0.000 0.000 0.002 0.003 0.002 0.000 0.000 0.000 0.000 0.000 0.000 0.000 0.000 0.000 0.000 0.001 0.000 0.000 0.001 0.000 0.003 0.000 0.007 0.000 0.000 0.003 0.000 0.001 0.000 0.003 0.002 0.000 0.000 0.000 0.000 0.000 0.004 0.003 0.000 0.000 0.000 0.009 0.000 0.005 0.000 0.001 0.001 0.000 0.000 0.000 0.002 0.001 0.000 0.001 0.001 0.000 0.000 0.007 0.009 0.018 
   14 E 10  2   2 0.768   0.012 0.005 0.001 0.000 0.000 0.000 0.000 0.000 0.001 0.003 0.000 0.003 0.002 0.004 0.008 0.009 0.035 0.013 0.024 0.003 0.002 0.000 0.000 0.002 0.002 0.001 0.005 0.001 0.003 0.002 0.005 0.007 0.013 0.025 0.043 0.045 0.026 0.009 0.004 0.002 0.004 0.005 0.007 0.018 0.018 0.002 0.004 0.002 0.006 0.009 0.032 0.076 0.074 0.046 0.031 0.009 0.007 0.002 0.002 0.017 0.047 0.066 0.069 0.042 0.018 0.010 0.001 0.019 0.045 0.073 0.068 0.043 0.016 0.012 0.002 0.004 0.008 0.031 0.127 0.255 0.252 0.102 0.041 0.012 0.024 0.039 0.077 0.109 0.073 0.046 0.022 0.002 0.000 0.004 0.000 0.070 0.246 0.428 0.381 0.167 0.047 0.016 0.018 0.043 0.077 0.129 0.119 0.060 0.004 0.001 0.000 0.000 0.005 0.060 0.178 0.383 0.270 0.109 0.015 0.003 0.006 0.012 0.060 0.110 0.085 0.039 0.001 0.001 0.001 0.000 0.005 0.006 0.082 0.119 0.081 0.028 0.004 0.001 0.002 0.008 0.022 0.033 0.029 0.016 0.001 0.000 0.001 0.000 0.000 0.002 0.014 0.020 0.010 0.004 0.000 0.000 0.000 0.000 0.005 0.006 0.004 0.001 0.001 0.001 0.001 0.000 0.000 0.000 0.001 0.001 0.000 0.001 0.002 0.000 0.000 0.000 0.002 0.000 0.001 0.000 0.000 0.002 0.001 0.002 0.000 0.000 0.000 0.001 0.003 0.001 0.003 0.000 0.001 0.000 0.000 0.000 0.000 0.002 0.001 0.001 0.001 0.003 0.000 0.000 0.000 0.001 0.003 0.012 0.009 0.005 0.004 0.002 0.001 0.001 0.000 0.002 0.000 0.000 0.001 0.004 0.001 0.001 0.000 0.000 0.005 0.010 0.009 0.012 0.003 0.000 0.000 0.000 0.000 0.000 0.004 0.000 0.001 0.001 0.001 0.000 0.002 0.000 0.005 0.008 0.009 0.007 0.003 0.002 0.000 0.000 0.000 0.002 0.000 0.000 0.000 0.000 0.000 0.000 0.000 0.000 0.000 0.001 0.004 0.002 0.002 0.000 0.000 0.003 0.000 0.002 0.001 0.000 0.000 0.001 0.001 0.000 0.000 0.000 0.000 0.000 0.002 0.000 0.003 0.000 0.001 0.001 0.000 0.000 0.001 0.000 0.000 0.000 0.002 0.002 0.002 0.000 0.000 0.000 0.000 0.000 0.001 0.000 0.000 0.000 0.000 0.001 0.002 0.000 0.002 0.000 0.000 0.001 0.001 0.000 0.000 0.000 0.000 0.000 0.002 0.000 0.004 0.008 0.008 0.008 
   15 Q 10  2   2 0.787   0.005 0.003 0.000 0.000 0.004 0.008 0.001 0.006 0.006 0.011 0.000 0.000 0.006 0.011 0.000 0.002 0.027 0.040 0.008 0.020 0.009 0.007 0.004 0.003 0.013 0.011 0.021 0.027 0.025 0.005 0.000 0.026 0.014 0.000 0.043 0.090 0.000 0.008 0.008 0.006 0.000 0.001 0.030 0.070 0.120 0.086 0.048 0.000 0.000 0.009 0.000 0.024 0.015 0.076 0.019 0.011 0.008 0.007 0.003 0.036 0.074 0.203 0.273 0.185 0.059 0.018 0.000 0.023 0.116 0.064 0.089 0.092 0.005 0.000 0.003 0.005 0.022 0.066 0.318 0.287 0.428 0.234 0.069 0.023 0.037 0.068 0.100 0.036 0.061 0.010 0.000 0.004 0.003 0.000 0.012 0.063 0.206 0.352 0.283 0.183 0.015 0.019 0.015 0.083 0.052 0.095 0.004 0.030 0.000 0.000 0.000 0.003 0.000 0.086 0.122 0.159 0.150 0.065 0.001 0.000 0.000 0.006 0.000 0.072 0.067 0.022 0.000 0.000 0.000 0.005 0.000 0.000 0.012 0.038 0.011 0.026 0.006 0.000 0.001 0.000 0.000 0.019 0.027 0.006 0.000 0.003 0.000 0.005 0.002 0.001 0.000 0.000 0.003 0.000 0.000 0.000 0.000 0.000 0.000 0.000 0.010 0.004 0.005 0.004 0.001 0.000 0.008 0.002 0.000 0.000 0.002 0.004 0.000 0.001 0.003 0.000 0.002 0.004 0.010 0.001 0.002 0.000 0.003 0.000 0.005 0.000 0.000 0.001 0.002 0.000 0.017 0.019 0.011 0.000 0.000 0.001 0.002 0.001 0.000 0.003 0.001 0.001 0.002 0.000 0.000 0.005 0.008 0.011 0.019 0.012 0.007 0.001 0.000 0.000 0.000 0.000 0.000 0.003 0.005 0.006 0.007 0.000 0.000 0.014 0.021 0.010 0.046 0.000 0.000 0.003 0.002 0.002 0.000 0.003 0.000 0.000 0.001 0.006 0.000 0.001 0.000 0.000 0.000 0.000 0.000 0.000 0.005 0.000 0.000 0.000 0.000 0.000 0.002 0.005 0.000 0.000 0.000 0.000 0.000 0.000 0.000 0.011 0.011 0.000 0.001 0.000 0.001 0.002 0.000 0.000 0.007 0.000 0.002 0.000 0.000 0.003 0.000 0.001 0.000 0.000 0.000 0.000 0.002 0.000 0.000 0.001 0.004 0.003 0.000 0.000 0.000 0.000 0.002 0.000 0.006 0.003 0.000 0.003 0.000 0.000 0.001 0.005 0.000 0.007 0.000 0.000 0.002 0.009 0.005 0.005 0.000 0.001 0.000 0.003 0.000 0.006 0.000 0.005 0.007 0.005 0.009 0.020 0.035 0.013 
   16 C  9  2   2 0.669   0.036 0.014 0.003 0.001 0.001 0.000 0.000 0.001 0.000 0.000 0.003 0.000 0.001 0.009 0.009 0.021 0.031 0.041 0.031 0.005 0.004 0.001 0.002 0.005 0.004 0.010 0.009 0.013 0.013 0.001 0.007 0.015 0.018 0.000 0.068 0.068 0.026 0.008 0.004 0.003 0.004 0.006 0.017 0.034 0.030 0.046 0.029 0.016 0.020 0.003 0.000 0.023 0.032 0.027 0.012 0.004 0.003 0.003 0.006 0.012 0.022 0.063 0.098 0.093 0.063 0.032 0.020 0.013 0.012 0.009 0.009 0.016 0.057 0.018 0.003 0.003 0.003 0.021 0.051 0.098 0.188 0.116 0.078 0.027 0.024 0.009 0.054 0.097 0.124 0.113 0.096 0.017 0.001 0.004 0.003 0.009 0.021 0.037 0.105 0.120 0.055 0.019 0.012 0.038 0.130 0.307 0.366 0.225 0.074 0.014 0.004 0.000 0.001 0.000 0.000 0.000 0.042 0.033 0.014 0.008 0.004 0.019 0.137 0.324 0.380 0.223 0.027 0.005 0.002 0.001 0.002 0.000 0.000 0.000 0.000 0.009 0.003 0.003 0.000 0.014 0.071 0.163 0.174 0.094 0.009 0.003 0.000 0.000 0.003 0.000 0.000 0.000 0.000 0.000 0.001 0.000 0.001 0.003 0.014 0.032 0.038 0.015 0.000 0.001 0.001 0.000 0.002 0.002 0.001 0.000 0.000 0.001 0.001 0.001 0.001 0.000 0.002 0.005 0.008 0.003 0.000 0.002 0.002 0.000 0.002 0.000 0.000 0.000 0.001 0.007 0.003 0.007 0.006 0.000 0.001 0.000 0.000 0.000 0.002 0.004 0.000 0.004 0.001 0.003 0.002 0.000 0.007 0.000 0.005 0.002 0.004 0.000 0.000 0.000 0.000 0.000 0.001 0.002 0.004 0.004 0.002 0.000 0.000 0.001 0.000 0.010 0.014 0.010 0.005 0.001 0.000 0.002 0.000 0.003 0.000 0.001 0.001 0.001 0.000 0.000 0.000 0.001 0.002 0.006 0.002 0.003 0.003 0.001 0.001 0.000 0.001 0.000 0.001 0.000 0.000 0.000 0.000 0.001 0.003 0.003 0.005 0.003 0.000 0.003 0.001 0.000 0.002 0.000 0.004 0.001 0.000 0.001 0.000 0.000 0.001 0.000 0.001 0.001 0.000 0.000 0.000 0.002 0.000 0.000 0.000 0.001 0.004 0.002 0.003 0.002 0.002 0.000 0.000 0.000 0.000 0.003 0.002 0.000 0.001 0.000 0.000 0.000 0.001 0.003 0.003 0.000 0.009 0.007 0.002 0.002 0.001 0.001 0.000 0.000 0.000 0.001 0.001 0.001 0.000 0.000 0.006 0.006 0.006 0.007 
   17 G  9  2   3 0.430   0.031 0.024 0.010 0.004 0.005 0.000 0.001 0.001 0.004 0.003 0.001 0.000 0.005 0.002 0.007 0.007 0.057 0.038 0.008 0.015 0.006 0.004 0.002 0.006 0.006 0.008 0.000 0.006 0.005 0.010 0.011 0.000 0.000 0.002 0.048 0.071 0.044 0.027 0.002 0.004 0.000 0.011 0.007 0.007 0.032 0.027 0.033 0.011 0.017 0.007 0.010 0.002 0.045 0.058 0.020 0.022 0.006 0.005 0.005 0.000 0.011 0.030 0.083 0.069 0.071 0.032 0.008 0.002 0.000 0.000 0.027 0.035 0.062 0.030 0.007 0.001 0.007 0.001 0.005 0.091 0.162 0.103 0.086 0.023 0.009 0.014 0.051 0.017 0.111 0.110 0.045 0.017 0.005 0.001 0.000 0.008 0.036 0.100 0.122 0.111 0.036 0.023 0.005 0.015 0.055 0.138 0.207 0.138 0.051 0.011 0.004 0.000 0.010 0.000 0.028 0.081 0.070 0.050 0.019 0.005 0.008 0.009 0.069 0.116 0.176 0.120 0.015 0.004 0.001 0.003 0.002 0.018 0.033 0.040 0.000 0.011 0.000 0.001 0.002 0.003 0.037 0.065 0.079 0.036 0.005 0.001 0.001 0.001 0.002 0.003 0.002 0.010 0.000 0.000 0.000 0.003 0.001 0.002 0.006 0.011 0.009 0.007 0.001 0.002 0.002 0.000 0.000 0.000 0.003 0.000 0.000 0.000 0.006 0.006 0.004 0.004 0.000 0.000 0.002 0.001 0.001 0.003 0.004 0.001 0.000 0.000 0.004 0.000 0.000 0.011 0.027 0.033 0.027 0.007 0.003 0.000 0.000 0.000 0.007 0.005 0.009 0.001 0.000 0.000 0.000 0.000 0.004 0.044 0.080 0.097 0.049 0.019 0.005 0.002 0.000 0.001 0.003 0.004 0.005 0.006 0.003 0.001 0.005 0.012 0.035 0.085 0.112 0.109 0.043 0.016 0.007 0.000 0.000 0.000 0.006 0.003 0.000 0.002 0.004 0.000 0.002 0.012 0.043 0.070 0.088 0.070 0.023 0.008 0.001 0.002 0.004 0.002 0.000 0.001 0.000 0.001 0.000 0.003 0.002 0.008 0.034 0.043 0.036 0.015 0.006 0.002 0.000 0.003 0.005 0.001 0.000 0.004 0.000 0.002 0.000 0.002 0.003 0.003 0.009 0.012 0.012 0.005 0.001 0.003 0.000 0.000 0.003 0.000 0.004 0.004 0.004 0.001 0.000 0.001 0.000 0.005 0.004 0.003 0.003 0.001 0.000 0.001 0.001 0.003 0.009 0.010 0.024 0.014 0.007 0.001 0.001 0.000 0.003 0.003 0.001 0.003 0.002 0.000 0.003 0.003 0.003 0.000 0.005 0.012 
   18 A  8  1   2 0.579   0.000 0.000 0.002 0.000 0.000 0.000 0.000 0.000 0.002 0.005 0.003 0.000 0.006 0.008 0.000 0.036 0.000 0.012 0.024 0.006 0.002 0.001 0.000 0.000 0.002 0.000 0.000 0.010 0.007 0.016 0.027 0.017 0.018 0.012 0.008 0.009 0.007 0.015 0.000 0.001 0.000 0.000 0.007 0.025 0.020 0.020 0.022 0.006 0.056 0.026 0.028 0.000 0.000 0.013 0.023 0.008 0.000 0.001 0.000 0.010 0.019 0.058 0.045 0.052 0.043 0.045 0.083 0.069 0.096 0.032 0.021 0.035 0.013 0.025 0.007 0.001 0.000 0.067 0.029 0.101 0.134 0.073 0.028 0.075 0.136 0.210 0.244 0.166 0.135 0.136 0.083 0.004 0.005 0.002 0.023 0.009 0.048 0.200 0.103 0.090 0.016 0.049 0.139 0.199 0.225 0.274 0.276 0.166 0.047 0.007 0.006 0.000 0.011 0.093 0.125 0.108 0.106 0.069 0.025 0.025 0.051 0.076 0.143 0.187 0.186 0.097 0.007 0.002 0.000 0.000 0.000 0.000 0.048 0.047 0.061 0.000 0.005 0.004 0.013 0.011 0.045 0.074 0.072 0.039 0.003 0.003 0.001 0.002 0.000 0.000 0.005 0.000 0.013 0.003 0.003 0.002 0.000 0.000 0.014 0.010 0.010 0.001 0.000 0.000 0.000 0.000 0.001 0.007 0.002 0.000 0.003 0.000 0.000 0.005 0.000 0.000 0.002 0.000 0.002 0.003 0.000 0.002 0.004 0.000 0.000 0.004 0.000 0.001 0.004 0.005 0.004 0.000 0.004 0.003 0.000 0.000 0.000 0.002 0.005 0.000 0.000 0.000 0.005 0.000 0.005 0.002 0.000 0.000 0.000 0.000 0.000 0.000 0.000 0.000 0.004 0.003 0.000 0.000 0.000 0.005 0.000 0.000 0.006 0.000 0.000 0.000 0.000 0.000 0.000 0.000 0.000 0.000 0.006 0.000 0.000 0.000 0.000 0.006 0.000 0.001 0.000 0.000 0.012 0.000 0.004 0.000 0.000 0.004 0.004 0.000 0.005 0.006 0.007 0.005 0.000 0.002 0.003 0.000 0.000 0.000 0.000 0.000 0.007 0.003 0.000 0.001 0.002 0.000 0.000 0.000 0.000 0.001 0.000 0.002 0.000 0.000 0.000 0.000 0.000 0.000 0.003 0.004 0.004 0.000 0.003 0.000 0.000 0.000 0.003 0.003 0.005 0.000 0.003 0.000 0.000 0.000 0.000 0.000 0.000 0.003 0.000 0.000 0.000 0.004 0.002 0.007 0.016 0.003 0.002 0.000 0.000 0.003 0.002 0.005 0.006 0.002 0.002 0.000 0.000 0.000 0.000 0.008 0.019 0.000 
   19 C  6  2   2 0.707   0.017 0.011 0.001 0.000 0.000 0.000 0.001 0.000 0.001 0.001 0.002 0.000 0.003 0.006 0.010 0.014 0.011 0.012 0.020 0.002 0.002 0.000 0.002 0.002 0.003 0.006 0.004 0.012 0.009 0.002 0.002 0.011 0.015 0.015 0.014 0.027 0.009 0.000 0.002 0.001 0.002 0.005 0.009 0.020 0.025 0.029 0.027 0.014 0.012 0.019 0.027 0.069 0.022 0.007 0.006 0.000 0.003 0.002 0.005 0.009 0.021 0.045 0.089 0.084 0.059 0.031 0.018 0.040 0.094 0.122 0.079 0.020 0.037 0.012 0.003 0.002 0.002 0.025 0.030 0.089 0.143 0.114 0.080 0.031 0.020 0.048 0.158 0.225 0.210 0.108 0.069 0.012 0.002 0.002 0.002 0.000 0.022 0.101 0.123 0.106 0.052 0.019 0.015 0.067 0.178 0.324 0.344 0.193 0.054 0.012 0.003 0.000 0.002 0.007 0.005 0.038 0.051 0.044 0.015 0.007 0.006 0.031 0.121 0.276 0.293 0.165 0.017 0.004 0.001 0.000 0.000 0.012 0.000 0.000 0.008 0.010 0.003 0.002 0.002 0.011 0.042 0.104 0.114 0.059 0.005 0.001 0.000 0.001 0.004 0.001 0.007 0.003 0.002 0.001 0.001 0.000 0.001 0.003 0.008 0.021 0.023 0.009 0.001 0.001 0.001 0.000 0.000 0.000 0.001 0.000 0.000 0.000 0.002 0.003 0.002 0.000 0.001 0.003 0.004 0.000 0.000 0.003 0.001 0.000 0.001 0.000 0.000 0.001 0.002 0.004 0.003 0.009 0.004 0.003 0.000 0.000 0.000 0.001 0.000 0.003 0.001 0.002 0.001 0.001 0.000 0.000 0.004 0.004 0.014 0.012 0.010 0.005 0.000 0.000 0.000 0.000 0.000 0.002 0.004 0.001 0.003 0.000 0.001 0.003 0.004 0.014 0.022 0.020 0.011 0.002 0.003 0.001 0.000 0.003 0.001 0.001 0.003 0.000 0.002 0.000 0.000 0.000 0.000 0.001 0.011 0.010 0.006 0.002 0.001 0.000 0.001 0.000 0.000 0.000 0.000 0.000 0.000 0.001 0.001 0.001 0.003 0.003 0.000 0.002 0.000 0.000 0.002 0.000 0.001 0.000 0.000 0.000 0.001 0.000 0.000 0.001 0.000 0.001 0.000 0.003 0.001 0.001 0.000 0.000 0.000 0.001 0.002 0.000 0.002 0.000 0.001 0.000 0.000 0.000 0.000 0.000 0.000 0.000 0.000 0.000 0.002 0.000 0.000 0.001 0.000 0.001 0.007 0.006 0.002 0.000 0.002 0.001 0.000 0.001 0.000 0.001 0.000 0.000 0.000 0.000 0.004 0.002 0.003 0.009 
