REMARK  Neural network predicted 2D Phi/Psi distribution map for bmr30631_3_6pqg_edit.str.txt

REMARK  Ramachandran map is grouped into 18x18 Phi/Psi boxes
REMARK  Q_k: predicted likelihood of a residue residing in the k-th box

REMARK  Phi/Psi box index matrix
REMARK    PHI:       -180 -160 -140 -120 -100  -80  -60  -40  -20    0   20   40   60   80  100  120  140  160 
REMARK --------------------------------------------------------------------
REMARK    PSI=  160:   17   35   53   71   89  107  125  143  161  179  197  215  233  251  269  287  305  323 
REMARK    PSI=  140:   16   34   52   70   88  106  124  142  160  178  196  214  232  250  268  286  304  322 
REMARK    PSI=  120:   15   33   51   69   87  105  123  141  159  177  195  213  231  249  267  285  303  321 
REMARK    PSI=  100:   14   32   50   68   86  104  122  140  158  176  194  212  230  248  266  284  302  320 
REMARK    PSI=   80:   13   31   49   67   85  103  121  139  157  175  193  211  229  247  265  283  301  319 
REMARK    PSI=   60:   12   30   48   66   84  102  120  138  156  174  192  210  228  246  264  282  300  318 
REMARK    PSI=   40:   11   29   47   65   83  101  119  137  155  173  191  209  227  245  263  281  299  317 
REMARK    PSI=   20:   10   28   46   64   82  100  118  136  154  172  190  208  226  244  262  280  298  316 
REMARK    PSI=    0:    9   27   45   63   81   99  117  135  153  171  189  207  225  243  261  279  297  315 
REMARK    PSI=  -20:    8   26   44   62   80   98  116  134  152  170  188  206  224  242  260  278  296  314 
REMARK    PSI=  -40:    7   25   43   61   79   97  115  133  151  169  187  205  223  241  259  277  295  313 
REMARK    PSI=  -60:    6   24   42   60   78   96  114  132  150  168  186  204  222  240  258  276  294  312 
REMARK    PSI=  -80:    5   23   41   59   77   95  113  131  149  167  185  203  221  239  257  275  293  311 
REMARK    PSI= -100:    4   22   40   58   76   94  112  130  148  166  184  202  220  238  256  274  292  310 
REMARK    PSI= -120:    3   21   39   57   75   93  111  129  147  165  183  201  219  237  255  273  291  309 
REMARK    PSI= -140:    2   20   38   56   74   92  110  128  146  164  182  200  218  236  254  272  290  308 
REMARK    PSI= -160:    1   19   37   55   73   91  109  127  145  163  181  199  217  235  253  271  289  307 
REMARK    PSI= -180:    0   18   36   54   72   90  108  126  144  162  180  198  216  234  252  270  288  306 

VARS RESID RESNAME CS_CNT5 CS_CNT_R2 CLUST_N CLUST_1_PER Q_0 Q_1 Q_2 Q_3 Q_4 Q_5 Q_6 Q_7 Q_8 Q_9 Q_10 Q_11 Q_12 Q_13 Q_14 Q_15 Q_16 Q_17 Q_18 Q_19 Q_20 Q_21 Q_22 Q_23 Q_24 Q_25 Q_26 Q_27 Q_28 Q_29 Q_30 Q_31 Q_32 Q_33 Q_34 Q_35 Q_36 Q_37 Q_38 Q_39 Q_40 Q_41 Q_42 Q_43 Q_44 Q_45 Q_46 Q_47 Q_48 Q_49 Q_50 Q_51 Q_52 Q_53 Q_54 Q_55 Q_56 Q_57 Q_58 Q_59 Q_60 Q_61 Q_62 Q_63 Q_64 Q_65 Q_66 Q_67 Q_68 Q_69 Q_70 Q_71 Q_72 Q_73 Q_74 Q_75 Q_76 Q_77 Q_78 Q_79 Q_80 Q_81 Q_82 Q_83 Q_84 Q_85 Q_86 Q_87 Q_88 Q_89 Q_90 Q_91 Q_92 Q_93 Q_94 Q_95 Q_96 Q_97 Q_98 Q_99 Q_100 Q_101 Q_102 Q_103 Q_104 Q_105 Q_106 Q_107 Q_108 Q_109 Q_110 Q_111 Q_112 Q_113 Q_114 Q_115 Q_116 Q_117 Q_118 Q_119 Q_120 Q_121 Q_122 Q_123 Q_124 Q_125 Q_126 Q_127 Q_128 Q_129 Q_130 Q_131 Q_132 Q_133 Q_134 Q_135 Q_136 Q_137 Q_138 Q_139 Q_140 Q_141 Q_142 Q_143 Q_144 Q_145 Q_146 Q_147 Q_148 Q_149 Q_150 Q_151 Q_152 Q_153 Q_154 Q_155 Q_156 Q_157 Q_158 Q_159 Q_160 Q_161 Q_162 Q_163 Q_164 Q_165 Q_166 Q_167 Q_168 Q_169 Q_170 Q_171 Q_172 Q_173 Q_174 Q_175 Q_176 Q_177 Q_178 Q_179 Q_180 Q_181 Q_182 Q_183 Q_184 Q_185 Q_186 Q_187 Q_188 Q_189 Q_190 Q_191 Q_192 Q_193 Q_194 Q_195 Q_196 Q_197 Q_198 Q_199 Q_200 Q_201 Q_202 Q_203 Q_204 Q_205 Q_206 Q_207 Q_208 Q_209 Q_210 Q_211 Q_212 Q_213 Q_214 Q_215 Q_216 Q_217 Q_218 Q_219 Q_220 Q_221 Q_222 Q_223 Q_224 Q_225 Q_226 Q_227 Q_228 Q_229 Q_230 Q_231 Q_232 Q_233 Q_234 Q_235 Q_236 Q_237 Q_238 Q_239 Q_240 Q_241 Q_242 Q_243 Q_244 Q_245 Q_246 Q_247 Q_248 Q_249 Q_250 Q_251 Q_252 Q_253 Q_254 Q_255 Q_256 Q_257 Q_258 Q_259 Q_260 Q_261 Q_262 Q_263 Q_264 Q_265 Q_266 Q_267 Q_268 Q_269 Q_270 Q_271 Q_272 Q_273 Q_274 Q_275 Q_276 Q_277 Q_278 Q_279 Q_280 Q_281 Q_282 Q_283 Q_284 Q_285 Q_286 Q_287 Q_288 Q_289 Q_290 Q_291 Q_292 Q_293 Q_294 Q_295 Q_296 Q_297 Q_298 Q_299 Q_300 Q_301 Q_302 Q_303 Q_304 Q_305 Q_306 Q_307 Q_308 Q_309 Q_310 Q_311 Q_312 Q_313 Q_314 Q_315 Q_316 Q_317 Q_318 Q_319 Q_320 Q_321 Q_322 Q_323 
FORMAT %4d %1s %2d %2d  %2d  %5.2f   %5.3f %5.3f %5.3f %5.3f %5.3f %5.3f %5.3f %5.3f %5.3f %5.3f %5.3f %5.3f %5.3f %5.3f %5.3f %5.3f %5.3f %5.3f %5.3f %5.3f %5.3f %5.3f %5.3f %5.3f %5.3f %5.3f %5.3f %5.3f %5.3f %5.3f %5.3f %5.3f %5.3f %5.3f %5.3f %5.3f %5.3f %5.3f %5.3f %5.3f %5.3f %5.3f %5.3f %5.3f %5.3f %5.3f %5.3f %5.3f %5.3f %5.3f %5.3f %5.3f %5.3f %5.3f %5.3f %5.3f %5.3f %5.3f %5.3f %5.3f %5.3f %5.3f %5.3f %5.3f %5.3f %5.3f %5.3f %5.3f %5.3f %5.3f %5.3f %5.3f %5.3f %5.3f %5.3f %5.3f %5.3f %5.3f %5.3f %5.3f %5.3f %5.3f %5.3f %5.3f %5.3f %5.3f %5.3f %5.3f %5.3f %5.3f %5.3f %5.3f %5.3f %5.3f %5.3f %5.3f %5.3f %5.3f %5.3f %5.3f %5.3f %5.3f %5.3f %5.3f %5.3f %5.3f %5.3f %5.3f %5.3f %5.3f %5.3f %5.3f %5.3f %5.3f %5.3f %5.3f %5.3f %5.3f %5.3f %5.3f %5.3f %5.3f %5.3f %5.3f %5.3f %5.3f %5.3f %5.3f %5.3f %5.3f %5.3f %5.3f %5.3f %5.3f %5.3f %5.3f %5.3f %5.3f %5.3f %5.3f %5.3f %5.3f %5.3f %5.3f %5.3f %5.3f %5.3f %5.3f %5.3f %5.3f %5.3f %5.3f %5.3f %5.3f %5.3f %5.3f %5.3f %5.3f %5.3f %5.3f %5.3f %5.3f %5.3f %5.3f %5.3f %5.3f %5.3f %5.3f %5.3f %5.3f %5.3f %5.3f %5.3f %5.3f %5.3f %5.3f %5.3f %5.3f %5.3f %5.3f %5.3f %5.3f %5.3f %5.3f %5.3f %5.3f %5.3f %5.3f %5.3f %5.3f %5.3f %5.3f %5.3f %5.3f %5.3f %5.3f %5.3f %5.3f %5.3f %5.3f %5.3f %5.3f %5.3f %5.3f %5.3f %5.3f %5.3f %5.3f %5.3f %5.3f %5.3f %5.3f %5.3f %5.3f %5.3f %5.3f %5.3f %5.3f %5.3f %5.3f %5.3f %5.3f %5.3f %5.3f %5.3f %5.3f %5.3f %5.3f %5.3f %5.3f %5.3f %5.3f %5.3f %5.3f %5.3f %5.3f %5.3f %5.3f %5.3f %5.3f %5.3f %5.3f %5.3f %5.3f %5.3f %5.3f %5.3f %5.3f %5.3f %5.3f %5.3f %5.3f %5.3f %5.3f %5.3f %5.3f %5.3f %5.3f %5.3f %5.3f %5.3f %5.3f %5.3f %5.3f %5.3f %5.3f %5.3f %5.3f %5.3f %5.3f %5.3f %5.3f %5.3f %5.3f %5.3f %5.3f %5.3f %5.3f %5.3f %5.3f %5.3f %5.3f %5.3f %5.3f %5.3f %5.3f %5.3f %5.3f %5.3f %5.3f %5.3f %5.3f %5.3f %5.3f %5.3f %5.3f %5.3f %5.3f %5.3f %5.3f %5.3f %5.3f %5.3f %5.3f %5.3f %5.3f %5.3f %5.3f %5.3f %5.3f %5.3f %5.3f %5.3f %5.3f %5.3f %5.3f %5.3f %5.3f %5.3f %5.3f %5.3f %5.3f %5.3f %5.3f 

    2 C  7  2   2 0.584   0.038 0.018 0.004 0.000 0.000 0.000 0.001 0.001 0.000 0.002 0.002 0.000 0.000 0.004 0.010 0.029 0.037 0.043 0.053 0.011 0.001 0.001 0.003 0.002 0.004 0.008 0.005 0.013 0.011 0.002 0.000 0.005 0.009 0.026 0.070 0.080 0.043 0.010 0.006 0.001 0.004 0.008 0.014 0.034 0.029 0.033 0.035 0.018 0.012 0.004 0.000 0.065 0.050 0.058 0.030 0.012 0.004 0.002 0.005 0.011 0.026 0.063 0.111 0.095 0.073 0.031 0.014 0.007 0.016 0.029 0.061 0.039 0.051 0.021 0.004 0.004 0.000 0.030 0.034 0.103 0.204 0.145 0.096 0.031 0.017 0.014 0.064 0.116 0.149 0.108 0.075 0.017 0.002 0.003 0.000 0.005 0.031 0.146 0.146 0.133 0.061 0.018 0.015 0.044 0.121 0.230 0.286 0.177 0.060 0.015 0.002 0.002 0.003 0.017 0.024 0.045 0.073 0.060 0.023 0.008 0.004 0.020 0.106 0.247 0.274 0.159 0.019 0.005 0.001 0.002 0.005 0.003 0.000 0.010 0.027 0.011 0.003 0.004 0.001 0.008 0.040 0.105 0.117 0.065 0.005 0.001 0.000 0.001 0.005 0.000 0.006 0.009 0.008 0.001 0.000 0.001 0.001 0.004 0.007 0.024 0.025 0.009 0.000 0.001 0.002 0.000 0.001 0.000 0.001 0.001 0.000 0.000 0.004 0.002 0.000 0.000 0.003 0.002 0.004 0.000 0.000 0.003 0.002 0.001 0.000 0.001 0.001 0.000 0.002 0.005 0.000 0.004 0.004 0.003 0.002 0.001 0.000 0.000 0.000 0.003 0.000 0.006 0.001 0.001 0.001 0.000 0.001 0.008 0.004 0.000 0.004 0.001 0.000 0.000 0.000 0.000 0.000 0.000 0.007 0.005 0.003 0.000 0.002 0.005 0.009 0.012 0.021 0.007 0.006 0.000 0.003 0.002 0.000 0.005 0.005 0.001 0.003 0.000 0.004 0.000 0.000 0.003 0.000 0.001 0.012 0.008 0.006 0.001 0.002 0.002 0.000 0.000 0.000 0.002 0.001 0.000 0.000 0.001 0.002 0.002 0.006 0.003 0.000 0.002 0.000 0.000 0.001 0.000 0.004 0.003 0.002 0.001 0.001 0.001 0.000 0.001 0.001 0.002 0.000 0.006 0.002 0.001 0.000 0.000 0.000 0.000 0.005 0.000 0.004 0.002 0.001 0.001 0.000 0.000 0.001 0.001 0.001 0.000 0.000 0.000 0.001 0.000 0.000 0.002 0.002 0.001 0.013 0.012 0.005 0.003 0.002 0.001 0.000 0.003 0.001 0.001 0.000 0.000 0.000 0.000 0.005 0.005 0.011 0.019 
    3 G  9  2   3 0.482   0.028 0.015 0.006 0.001 0.000 0.001 0.000 0.001 0.001 0.002 0.003 0.002 0.002 0.004 0.005 0.012 0.031 0.028 0.029 0.015 0.005 0.002 0.002 0.002 0.004 0.005 0.013 0.017 0.015 0.011 0.007 0.006 0.000 0.000 0.021 0.044 0.020 0.011 0.004 0.003 0.002 0.005 0.010 0.025 0.049 0.066 0.059 0.027 0.022 0.010 0.000 0.000 0.000 0.010 0.022 0.008 0.004 0.001 0.006 0.010 0.030 0.065 0.148 0.161 0.115 0.054 0.027 0.000 0.000 0.000 0.000 0.015 0.036 0.015 0.005 0.002 0.001 0.011 0.034 0.125 0.214 0.227 0.138 0.055 0.026 0.021 0.010 0.006 0.053 0.070 0.050 0.013 0.003 0.003 0.006 0.003 0.032 0.112 0.173 0.176 0.083 0.035 0.023 0.030 0.036 0.102 0.139 0.113 0.038 0.008 0.002 0.002 0.004 0.002 0.015 0.027 0.087 0.069 0.031 0.010 0.005 0.013 0.051 0.099 0.131 0.092 0.010 0.002 0.000 0.000 0.002 0.003 0.008 0.020 0.022 0.012 0.004 0.003 0.002 0.003 0.017 0.035 0.049 0.034 0.004 0.001 0.000 0.000 0.001 0.000 0.002 0.000 0.005 0.001 0.002 0.000 0.000 0.001 0.004 0.007 0.008 0.004 0.000 0.001 0.001 0.000 0.001 0.000 0.000 0.001 0.000 0.000 0.004 0.004 0.002 0.000 0.001 0.001 0.002 0.000 0.000 0.001 0.003 0.001 0.001 0.000 0.002 0.001 0.002 0.008 0.017 0.022 0.016 0.004 0.001 0.001 0.000 0.001 0.005 0.007 0.008 0.004 0.000 0.001 0.001 0.002 0.013 0.035 0.047 0.050 0.026 0.009 0.000 0.001 0.001 0.002 0.009 0.012 0.011 0.006 0.001 0.001 0.003 0.019 0.051 0.079 0.087 0.061 0.027 0.005 0.003 0.002 0.001 0.008 0.013 0.011 0.008 0.002 0.002 0.001 0.007 0.036 0.078 0.105 0.086 0.041 0.014 0.004 0.002 0.003 0.006 0.009 0.010 0.009 0.003 0.003 0.002 0.002 0.006 0.028 0.066 0.074 0.042 0.016 0.004 0.001 0.000 0.002 0.008 0.011 0.010 0.006 0.003 0.001 0.001 0.001 0.003 0.012 0.025 0.025 0.015 0.006 0.002 0.000 0.001 0.002 0.007 0.007 0.010 0.009 0.004 0.001 0.001 0.000 0.001 0.003 0.007 0.007 0.005 0.001 0.001 0.000 0.001 0.002 0.007 0.009 0.016 0.015 0.006 0.002 0.002 0.000 0.001 0.003 0.001 0.003 0.001 0.000 0.000 0.000 0.001 0.008 0.011 0.015 
    4 C 10  2   2 0.572   0.018 0.012 0.010 0.000 0.000 0.036 0.046 0.056 0.020 0.010 0.000 0.010 0.030 0.013 0.031 0.050 0.000 0.066 0.000 0.000 0.000 0.006 0.002 0.034 0.038 0.019 0.000 0.000 0.005 0.000 0.000 0.062 0.056 0.091 0.032 0.099 0.071 0.000 0.014 0.000 0.000 0.000 0.051 0.000 0.000 0.028 0.000 0.000 0.022 0.059 0.120 0.000 0.136 0.132 0.108 0.000 0.000 0.000 0.011 0.000 0.000 0.000 0.061 0.000 0.000 0.000 0.076 0.018 0.093 0.311 0.205 0.111 0.017 0.031 0.000 0.000 0.018 0.077 0.029 0.128 0.160 0.083 0.000 0.002 0.067 0.093 0.118 0.125 0.180 0.044 0.043 0.000 0.008 0.000 0.031 0.119 0.086 0.233 0.031 0.000 0.040 0.023 0.046 0.042 0.178 0.219 0.145 0.062 0.016 0.002 0.010 0.000 0.014 0.119 0.143 0.210 0.000 0.000 0.007 0.028 0.029 0.000 0.070 0.119 0.225 0.115 0.019 0.007 0.001 0.000 0.000 0.000 0.014 0.000 0.000 0.000 0.008 0.011 0.027 0.000 0.050 0.063 0.091 0.015 0.000 0.000 0.015 0.007 0.003 0.012 0.000 0.000 0.000 0.000 0.010 0.010 0.005 0.000 0.013 0.000 0.001 0.000 0.000 0.006 0.000 0.001 0.000 0.003 0.000 0.000 0.000 0.000 0.005 0.000 0.000 0.000 0.000 0.000 0.000 0.000 0.012 0.000 0.000 0.000 0.001 0.011 0.000 0.000 0.004 0.000 0.024 0.000 0.007 0.000 0.000 0.000 0.002 0.000 0.000 0.000 0.000 0.007 0.000 0.005 0.000 0.025 0.000 0.000 0.000 0.000 0.023 0.000 0.006 0.008 0.007 0.011 0.003 0.000 0.000 0.014 0.000 0.000 0.015 0.000 0.000 0.000 0.025 0.008 0.000 0.001 0.000 0.014 0.000 0.000 0.018 0.000 0.000 0.000 0.000 0.000 0.010 0.029 0.000 0.018 0.043 0.015 0.008 0.000 0.000 0.010 0.003 0.022 0.000 0.000 0.006 0.006 0.000 0.013 0.009 0.011 0.050 0.007 0.000 0.005 0.012 0.000 0.007 0.023 0.016 0.000 0.014 0.012 0.006 0.000 0.000 0.000 0.000 0.027 0.013 0.006 0.010 0.030 0.012 0.000 0.000 0.006 0.018 0.000 0.000 0.023 0.000 0.008 0.006 0.002 0.000 0.000 0.000 0.004 0.000 0.005 0.000 0.000 0.002 0.012 0.000 0.009 0.000 0.001 0.000 0.003 0.000 0.007 0.024 0.028 0.002 0.007 0.000 0.005 0.018 0.000 0.016 0.004 0.000 0.000 
    5 G 10  2   3 0.506   0.000 0.000 0.003 0.000 0.024 0.005 0.006 0.000 0.000 0.007 0.001 0.001 0.016 0.000 0.000 0.000 0.000 0.000 0.000 0.039 0.000 0.000 0.009 0.012 0.007 0.080 0.000 0.045 0.012 0.023 0.000 0.049 0.056 0.000 0.000 0.076 0.000 0.000 0.036 0.011 0.029 0.028 0.033 0.064 0.109 0.069 0.045 0.064 0.019 0.065 0.084 0.030 0.087 0.000 0.121 0.014 0.000 0.004 0.000 0.038 0.054 0.158 0.000 0.000 0.023 0.000 0.000 0.000 0.000 0.000 0.075 0.236 0.225 0.015 0.029 0.042 0.000 0.116 0.129 0.108 0.000 0.011 0.000 0.000 0.001 0.170 0.060 0.000 0.274 0.306 0.176 0.060 0.035 0.002 0.027 0.013 0.000 0.000 0.004 0.000 0.051 0.030 0.034 0.071 0.162 0.000 0.107 0.146 0.051 0.022 0.004 0.000 0.015 0.015 0.022 0.052 0.000 0.000 0.000 0.037 0.030 0.020 0.011 0.000 0.107 0.175 0.000 0.014 0.013 0.013 0.047 0.079 0.121 0.000 0.000 0.107 0.013 0.029 0.000 0.000 0.085 0.000 0.000 0.066 0.019 0.000 0.014 0.023 0.005 0.001 0.047 0.000 0.055 0.000 0.016 0.023 0.000 0.012 0.000 0.057 0.034 0.000 0.038 0.019 0.003 0.027 0.006 0.031 0.001 0.005 0.048 0.017 0.003 0.017 0.019 0.000 0.000 0.008 0.000 0.015 0.118 0.106 0.083 0.022 0.011 0.013 0.000 0.005 0.019 0.000 0.021 0.001 0.027 0.000 0.001 0.007 0.022 0.046 0.299 0.327 0.190 0.056 0.006 0.009 0.000 0.046 0.058 0.000 0.061 0.000 0.000 0.029 0.012 0.012 0.088 0.138 0.446 0.475 0.260 0.035 0.024 0.000 0.009 0.045 0.093 0.011 0.093 0.000 0.000 0.000 0.006 0.005 0.080 0.270 0.310 0.331 0.092 0.045 0.003 0.000 0.008 0.000 0.093 0.076 0.020 0.028 0.000 0.010 0.000 0.006 0.044 0.140 0.082 0.070 0.033 0.000 0.000 0.000 0.000 0.059 0.037 0.005 0.009 0.000 0.005 0.000 0.004 0.000 0.019 0.067 0.000 0.000 0.012 0.004 0.000 0.000 0.000 0.000 0.000 0.000 0.003 0.007 0.000 0.000 0.000 0.000 0.008 0.000 0.000 0.011 0.000 0.011 0.000 0.008 0.000 0.000 0.002 0.013 0.000 0.000 0.000 0.000 0.030 0.004 0.000 0.000 0.000 0.027 0.000 0.022 0.000 0.000 0.018 0.004 0.014 0.003 0.000 0.015 0.014 0.000 0.000 0.007 0.000 0.000 
    6 D 10  2   2 0.521   0.038 0.062 0.006 0.003 0.000 0.002 0.007 0.003 0.015 0.006 0.003 0.003 0.014 0.016 0.000 0.023 0.000 0.035 0.135 0.053 0.021 0.010 0.002 0.007 0.000 0.009 0.015 0.000 0.000 0.000 0.000 0.000 0.000 0.000 0.000 0.039 0.195 0.126 0.097 0.067 0.036 0.016 0.000 0.030 0.013 0.081 0.032 0.009 0.000 0.000 0.056 0.057 0.117 0.117 0.145 0.213 0.175 0.103 0.053 0.055 0.014 0.000 0.151 0.030 0.016 0.000 0.000 0.000 0.000 0.000 0.056 0.176 0.134 0.241 0.192 0.100 0.056 0.005 0.047 0.192 0.201 0.158 0.042 0.042 0.011 0.021 0.000 0.000 0.030 0.000 0.112 0.131 0.102 0.048 0.014 0.065 0.000 0.176 0.251 0.096 0.113 0.002 0.000 0.042 0.118 0.175 0.214 0.000 0.038 0.037 0.025 0.008 0.064 0.105 0.179 0.141 0.000 0.152 0.000 0.038 0.010 0.020 0.124 0.273 0.123 0.000 0.000 0.020 0.006 0.014 0.000 0.000 0.172 0.037 0.024 0.052 0.007 0.006 0.000 0.004 0.110 0.129 0.047 0.011 0.000 0.000 0.000 0.017 0.005 0.000 0.055 0.000 0.000 0.010 0.000 0.004 0.000 0.010 0.020 0.024 0.000 0.000 0.003 0.000 0.000 0.003 0.017 0.000 0.003 0.006 0.000 0.000 0.000 0.000 0.000 0.003 0.000 0.002 0.000 0.000 0.000 0.011 0.012 0.000 0.002 0.000 0.010 0.000 0.009 0.009 0.000 0.000 0.000 0.005 0.000 0.007 0.011 0.000 0.003 0.000 0.000 0.006 0.000 0.000 0.000 0.006 0.000 0.000 0.000 0.000 0.000 0.000 0.001 0.005 0.002 0.011 0.000 0.000 0.000 0.000 0.000 0.000 0.001 0.029 0.000 0.000 0.000 0.005 0.000 0.000 0.000 0.012 0.000 0.006 0.004 0.000 0.000 0.002 0.000 0.000 0.009 0.006 0.000 0.000 0.000 0.000 0.000 0.006 0.006 0.004 0.000 0.002 0.000 0.000 0.000 0.004 0.003 0.001 0.000 0.032 0.000 0.000 0.000 0.000 0.000 0.002 0.001 0.000 0.000 0.000 0.001 0.000 0.004 0.001 0.000 0.000 0.000 0.000 0.000 0.000 0.007 0.000 0.000 0.005 0.000 0.000 0.004 0.019 0.016 0.000 0.000 0.008 0.003 0.000 0.000 0.007 0.000 0.003 0.000 0.004 0.001 0.000 0.001 0.008 0.000 0.001 0.000 0.008 0.001 0.000 0.000 0.000 0.002 0.000 0.000 0.000 0.000 0.005 0.007 0.005 0.000 0.014 0.000 0.035 
    7 G 10  2   1 1.000   0.000 0.000 0.000 0.001 0.010 0.006 0.003 0.005 0.008 0.016 0.000 0.000 0.026 0.000 0.056 0.043 0.062 0.000 0.000 0.000 0.000 0.000 0.000 0.000 0.000 0.018 0.000 0.000 0.000 0.000 0.000 0.000 0.114 0.000 0.088 0.000 0.009 0.010 0.007 0.000 0.011 0.016 0.000 0.000 0.000 0.008 0.014 0.002 0.000 0.000 0.000 0.000 0.000 0.000 0.000 0.000 0.010 0.000 0.018 0.014 0.057 0.013 0.049 0.034 0.061 0.000 0.020 0.000 0.029 0.000 0.000 0.000 0.021 0.017 0.033 0.029 0.024 0.001 0.076 0.144 0.006 0.013 0.076 0.000 0.000 0.000 0.000 0.000 0.000 0.000 0.053 0.009 0.025 0.011 0.003 0.000 0.087 0.000 0.059 0.078 0.014 0.000 0.000 0.000 0.105 0.019 0.000 0.000 0.029 0.008 0.005 0.011 0.010 0.032 0.193 0.139 0.000 0.054 0.001 0.002 0.004 0.000 0.000 0.005 0.000 0.000 0.000 0.023 0.005 0.000 0.005 0.034 0.047 0.000 0.000 0.031 0.005 0.014 0.000 0.012 0.013 0.008 0.010 0.000 0.008 0.000 0.010 0.008 0.023 0.000 0.012 0.042 0.022 0.000 0.000 0.001 0.000 0.000 0.001 0.017 0.007 0.003 0.008 0.005 0.000 0.003 0.000 0.004 0.005 0.000 0.010 0.003 0.001 0.009 0.012 0.002 0.000 0.003 0.000 0.003 0.000 0.007 0.000 0.002 0.002 0.003 0.000 0.007 0.030 0.026 0.082 0.060 0.014 0.014 0.009 0.006 0.005 0.006 0.016 0.004 0.015 0.000 0.000 0.006 0.015 0.052 0.149 0.238 0.127 0.060 0.018 0.017 0.004 0.012 0.016 0.002 0.004 0.019 0.014 0.007 0.011 0.006 0.021 0.170 0.455 0.535 0.439 0.126 0.014 0.000 0.018 0.004 0.000 0.004 0.000 0.000 0.000 0.000 0.002 0.000 0.035 0.212 0.471 0.571 0.348 0.106 0.000 0.000 0.000 0.004 0.000 0.011 0.000 0.016 0.000 0.000 0.000 0.000 0.027 0.098 0.231 0.273 0.125 0.034 0.011 0.000 0.006 0.000 0.000 0.006 0.009 0.006 0.003 0.000 0.000 0.000 0.000 0.008 0.052 0.043 0.021 0.011 0.010 0.000 0.005 0.002 0.000 0.005 0.000 0.009 0.000 0.010 0.010 0.002 0.005 0.000 0.015 0.016 0.016 0.005 0.000 0.000 0.008 0.009 0.019 0.000 0.000 0.000 0.002 0.012 0.013 0.006 0.000 0.010 0.020 0.009 0.003 0.004 0.000 0.004 0.015 0.055 0.000 0.045 
    8 C 10  2   2 0.624   0.006 0.006 0.001 0.000 0.002 0.008 0.004 0.000 0.002 0.003 0.005 0.001 0.003 0.001 0.027 0.000 0.017 0.029 0.000 0.006 0.000 0.002 0.002 0.006 0.000 0.000 0.000 0.001 0.000 0.003 0.000 0.009 0.000 0.000 0.000 0.045 0.035 0.003 0.000 0.002 0.005 0.012 0.002 0.000 0.000 0.000 0.000 0.007 0.000 0.007 0.033 0.027 0.080 0.042 0.059 0.010 0.000 0.000 0.000 0.003 0.021 0.015 0.000 0.000 0.000 0.000 0.003 0.033 0.090 0.109 0.192 0.137 0.062 0.017 0.002 0.000 0.000 0.031 0.041 0.121 0.099 0.052 0.000 0.006 0.000 0.043 0.119 0.312 0.338 0.208 0.063 0.009 0.007 0.003 0.000 0.037 0.128 0.201 0.227 0.070 0.047 0.006 0.000 0.069 0.196 0.351 0.377 0.160 0.031 0.008 0.000 0.000 0.008 0.014 0.199 0.184 0.100 0.051 0.004 0.004 0.009 0.030 0.124 0.211 0.253 0.100 0.013 0.005 0.003 0.002 0.000 0.001 0.033 0.039 0.022 0.030 0.003 0.003 0.004 0.012 0.046 0.060 0.065 0.031 0.003 0.002 0.000 0.001 0.001 0.003 0.003 0.000 0.000 0.000 0.000 0.000 0.000 0.001 0.003 0.007 0.007 0.001 0.003 0.002 0.000 0.000 0.000 0.000 0.000 0.000 0.006 0.007 0.000 0.000 0.000 0.000 0.000 0.000 0.000 0.000 0.003 0.004 0.004 0.001 0.003 0.000 0.001 0.006 0.002 0.004 0.000 0.002 0.005 0.005 0.000 0.000 0.004 0.001 0.000 0.000 0.001 0.004 0.000 0.002 0.006 0.004 0.009 0.018 0.034 0.003 0.016 0.007 0.004 0.003 0.007 0.007 0.001 0.000 0.000 0.006 0.004 0.000 0.006 0.002 0.014 0.022 0.026 0.024 0.004 0.000 0.002 0.005 0.003 0.007 0.000 0.000 0.000 0.000 0.000 0.000 0.003 0.002 0.000 0.014 0.002 0.010 0.005 0.000 0.000 0.000 0.001 0.009 0.001 0.000 0.002 0.003 0.000 0.002 0.000 0.001 0.000 0.000 0.013 0.004 0.006 0.001 0.002 0.000 0.006 0.000 0.001 0.000 0.000 0.000 0.000 0.000 0.001 0.007 0.000 0.000 0.000 0.003 0.005 0.000 0.003 0.000 0.003 0.000 0.000 0.000 0.000 0.000 0.004 0.003 0.000 0.002 0.000 0.000 0.000 0.001 0.000 0.008 0.000 0.000 0.003 0.008 0.007 0.003 0.000 0.000 0.000 0.000 0.000 0.008 0.000 0.000 0.000 0.000 0.000 0.000 0.004 0.024 0.030 0.013 
    9 A 10  2   2 0.566   0.016 0.001 0.000 0.000 0.000 0.003 0.000 0.002 0.002 0.003 0.001 0.004 0.001 0.004 0.007 0.005 0.044 0.031 0.019 0.011 0.000 0.001 0.000 0.003 0.007 0.013 0.000 0.009 0.009 0.000 0.000 0.000 0.008 0.042 0.100 0.047 0.026 0.006 0.001 0.000 0.001 0.000 0.019 0.040 0.050 0.045 0.022 0.016 0.004 0.042 0.091 0.105 0.151 0.073 0.044 0.009 0.006 0.006 0.004 0.026 0.046 0.114 0.115 0.095 0.046 0.001 0.011 0.024 0.077 0.116 0.138 0.088 0.021 0.004 0.003 0.002 0.007 0.049 0.117 0.253 0.217 0.126 0.041 0.010 0.008 0.024 0.113 0.172 0.162 0.097 0.047 0.000 0.000 0.006 0.005 0.090 0.175 0.237 0.275 0.128 0.040 0.014 0.002 0.038 0.115 0.189 0.211 0.101 0.010 0.006 0.002 0.004 0.009 0.000 0.072 0.180 0.179 0.049 0.014 0.005 0.002 0.001 0.049 0.136 0.124 0.064 0.004 0.000 0.000 0.003 0.000 0.001 0.035 0.080 0.045 0.016 0.002 0.004 0.000 0.000 0.026 0.038 0.039 0.021 0.003 0.000 0.002 0.000 0.000 0.003 0.011 0.007 0.006 0.001 0.003 0.000 0.002 0.002 0.001 0.005 0.010 0.002 0.000 0.000 0.000 0.000 0.000 0.000 0.001 0.000 0.000 0.000 0.002 0.000 0.001 0.000 0.001 0.000 0.002 0.000 0.001 0.002 0.000 0.000 0.000 0.002 0.000 0.001 0.000 0.000 0.000 0.003 0.000 0.004 0.000 0.000 0.001 0.000 0.003 0.000 0.001 0.002 0.000 0.002 0.000 0.005 0.002 0.006 0.000 0.000 0.005 0.006 0.002 0.002 0.000 0.003 0.003 0.006 0.002 0.002 0.002 0.000 0.004 0.011 0.017 0.021 0.000 0.004 0.002 0.004 0.000 0.000 0.000 0.000 0.001 0.007 0.000 0.000 0.000 0.000 0.000 0.008 0.001 0.016 0.006 0.000 0.000 0.002 0.000 0.000 0.000 0.001 0.001 0.002 0.000 0.000 0.000 0.001 0.001 0.000 0.003 0.001 0.000 0.000 0.000 0.000 0.003 0.000 0.000 0.000 0.002 0.002 0.002 0.000 0.000 0.001 0.000 0.000 0.000 0.000 0.003 0.001 0.000 0.001 0.002 0.002 0.000 0.000 0.003 0.002 0.000 0.001 0.000 0.000 0.001 0.000 0.000 0.000 0.000 0.001 0.000 0.000 0.003 0.000 0.000 0.011 0.006 0.000 0.001 0.002 0.000 0.000 0.001 0.001 0.000 0.000 0.000 0.004 0.003 0.000 0.000 0.008 0.006 0.021 
   10 K 10  2   2 0.529   0.030 0.012 0.001 0.000 0.001 0.002 0.000 0.002 0.002 0.003 0.001 0.002 0.001 0.005 0.006 0.020 0.048 0.038 0.044 0.015 0.002 0.001 0.001 0.003 0.004 0.007 0.017 0.007 0.004 0.005 0.002 0.010 0.015 0.036 0.075 0.084 0.047 0.014 0.004 0.001 0.003 0.009 0.015 0.034 0.057 0.046 0.026 0.008 0.012 0.023 0.057 0.095 0.116 0.106 0.047 0.007 0.005 0.002 0.003 0.023 0.055 0.087 0.114 0.095 0.046 0.016 0.009 0.045 0.089 0.159 0.152 0.114 0.029 0.009 0.001 0.002 0.008 0.032 0.119 0.184 0.195 0.120 0.052 0.018 0.026 0.052 0.116 0.195 0.173 0.111 0.029 0.005 0.001 0.004 0.009 0.063 0.165 0.218 0.195 0.098 0.038 0.013 0.013 0.041 0.081 0.155 0.161 0.096 0.008 0.003 0.000 0.001 0.005 0.053 0.112 0.158 0.093 0.039 0.007 0.001 0.003 0.009 0.035 0.092 0.085 0.043 0.003 0.002 0.000 0.001 0.004 0.012 0.039 0.048 0.024 0.013 0.001 0.000 0.000 0.005 0.012 0.022 0.022 0.017 0.001 0.000 0.000 0.000 0.001 0.002 0.003 0.000 0.006 0.002 0.000 0.000 0.000 0.000 0.002 0.005 0.004 0.001 0.002 0.001 0.000 0.000 0.000 0.000 0.001 0.000 0.000 0.000 0.001 0.000 0.000 0.000 0.000 0.001 0.001 0.000 0.000 0.003 0.001 0.002 0.000 0.000 0.000 0.002 0.003 0.004 0.001 0.007 0.000 0.000 0.000 0.000 0.000 0.001 0.001 0.001 0.001 0.001 0.000 0.000 0.000 0.003 0.001 0.009 0.012 0.013 0.007 0.002 0.002 0.000 0.000 0.000 0.001 0.001 0.000 0.003 0.001 0.000 0.000 0.002 0.003 0.009 0.013 0.010 0.004 0.002 0.000 0.000 0.000 0.000 0.002 0.000 0.000 0.001 0.000 0.000 0.002 0.000 0.007 0.009 0.009 0.005 0.001 0.002 0.000 0.000 0.000 0.002 0.000 0.000 0.000 0.000 0.000 0.000 0.000 0.000 0.000 0.002 0.005 0.003 0.002 0.000 0.000 0.001 0.000 0.003 0.003 0.001 0.000 0.000 0.001 0.000 0.000 0.000 0.000 0.000 0.002 0.000 0.002 0.000 0.002 0.000 0.000 0.001 0.004 0.002 0.000 0.000 0.001 0.001 0.000 0.001 0.000 0.000 0.000 0.000 0.001 0.000 0.000 0.001 0.005 0.003 0.009 0.002 0.000 0.003 0.001 0.001 0.000 0.000 0.001 0.002 0.000 0.000 0.000 0.001 0.002 0.012 0.016 0.015 
   11 C 10  2   2 0.607   0.048 0.011 0.004 0.000 0.000 0.002 0.000 0.000 0.003 0.001 0.000 0.001 0.002 0.010 0.020 0.038 0.083 0.069 0.049 0.017 0.004 0.002 0.001 0.001 0.000 0.000 0.000 0.000 0.000 0.000 0.008 0.026 0.054 0.103 0.128 0.109 0.055 0.015 0.002 0.001 0.002 0.004 0.000 0.000 0.000 0.000 0.000 0.001 0.012 0.048 0.114 0.186 0.177 0.142 0.054 0.012 0.002 0.001 0.000 0.012 0.004 0.009 0.000 0.000 0.000 0.000 0.016 0.079 0.168 0.255 0.218 0.134 0.034 0.008 0.000 0.001 0.003 0.019 0.055 0.075 0.051 0.005 0.000 0.000 0.016 0.066 0.194 0.270 0.218 0.133 0.026 0.005 0.000 0.000 0.007 0.043 0.104 0.173 0.133 0.045 0.010 0.004 0.006 0.055 0.123 0.215 0.201 0.091 0.010 0.003 0.000 0.001 0.001 0.039 0.117 0.175 0.120 0.032 0.002 0.000 0.003 0.020 0.077 0.119 0.110 0.050 0.002 0.002 0.001 0.001 0.002 0.013 0.039 0.057 0.034 0.013 0.000 0.000 0.001 0.006 0.023 0.033 0.032 0.017 0.000 0.000 0.000 0.001 0.001 0.000 0.002 0.007 0.006 0.002 0.000 0.000 0.000 0.000 0.002 0.008 0.005 0.001 0.000 0.001 0.000 0.000 0.000 0.000 0.001 0.000 0.001 0.000 0.001 0.000 0.001 0.001 0.000 0.000 0.000 0.000 0.000 0.000 0.000 0.002 0.000 0.000 0.000 0.001 0.002 0.002 0.000 0.005 0.003 0.002 0.000 0.000 0.000 0.000 0.000 0.000 0.002 0.000 0.000 0.000 0.000 0.002 0.000 0.008 0.008 0.009 0.004 0.001 0.001 0.001 0.000 0.002 0.000 0.000 0.002 0.005 0.002 0.000 0.000 0.001 0.003 0.007 0.009 0.007 0.000 0.001 0.002 0.001 0.000 0.000 0.000 0.000 0.001 0.002 0.000 0.001 0.002 0.000 0.006 0.000 0.006 0.000 0.000 0.001 0.000 0.000 0.000 0.001 0.000 0.000 0.000 0.000 0.000 0.001 0.002 0.000 0.001 0.000 0.000 0.001 0.002 0.000 0.000 0.001 0.000 0.002 0.000 0.000 0.000 0.001 0.001 0.000 0.000 0.000 0.000 0.000 0.001 0.000 0.002 0.000 0.000 0.000 0.000 0.000 0.002 0.000 0.000 0.000 0.000 0.000 0.001 0.001 0.000 0.000 0.000 0.001 0.001 0.001 0.000 0.001 0.006 0.005 0.016 0.008 0.001 0.001 0.000 0.000 0.000 0.001 0.001 0.001 0.000 0.000 0.002 0.001 0.004 0.018 0.028 0.031 
   12 C 10  2   2 0.784   0.026 0.010 0.004 0.001 0.000 0.000 0.000 0.000 0.002 0.005 0.002 0.001 0.001 0.005 0.011 0.012 0.030 0.028 0.025 0.011 0.004 0.003 0.000 0.001 0.003 0.002 0.011 0.003 0.005 0.006 0.004 0.017 0.032 0.048 0.058 0.052 0.029 0.013 0.006 0.003 0.004 0.008 0.011 0.030 0.038 0.026 0.012 0.008 0.013 0.043 0.067 0.104 0.112 0.055 0.035 0.013 0.007 0.004 0.004 0.024 0.066 0.099 0.123 0.085 0.032 0.012 0.007 0.046 0.069 0.104 0.085 0.051 0.017 0.006 0.002 0.003 0.008 0.032 0.146 0.287 0.293 0.155 0.056 0.013 0.015 0.026 0.060 0.083 0.048 0.026 0.013 0.002 0.002 0.001 0.002 0.070 0.207 0.407 0.376 0.180 0.051 0.017 0.015 0.035 0.027 0.082 0.066 0.033 0.004 0.002 0.001 0.001 0.000 0.037 0.122 0.307 0.226 0.095 0.019 0.001 0.002 0.000 0.020 0.049 0.034 0.014 0.001 0.001 0.000 0.001 0.002 0.004 0.063 0.085 0.065 0.026 0.003 0.000 0.001 0.003 0.008 0.012 0.023 0.010 0.000 0.000 0.000 0.000 0.001 0.000 0.007 0.010 0.009 0.003 0.000 0.000 0.000 0.000 0.000 0.003 0.004 0.000 0.000 0.001 0.000 0.000 0.000 0.000 0.001 0.001 0.001 0.001 0.001 0.001 0.001 0.001 0.001 0.000 0.000 0.000 0.000 0.002 0.000 0.003 0.001 0.000 0.000 0.001 0.001 0.005 0.004 0.009 0.003 0.002 0.000 0.000 0.000 0.000 0.000 0.000 0.002 0.003 0.000 0.000 0.000 0.002 0.004 0.020 0.028 0.025 0.013 0.003 0.001 0.002 0.001 0.001 0.000 0.001 0.002 0.003 0.002 0.000 0.000 0.002 0.006 0.019 0.029 0.016 0.007 0.001 0.000 0.001 0.000 0.000 0.003 0.001 0.000 0.001 0.000 0.001 0.001 0.001 0.003 0.011 0.012 0.011 0.004 0.001 0.001 0.000 0.001 0.002 0.000 0.000 0.000 0.001 0.000 0.000 0.000 0.000 0.000 0.000 0.003 0.004 0.001 0.000 0.000 0.001 0.000 0.003 0.001 0.000 0.000 0.001 0.002 0.000 0.000 0.000 0.000 0.000 0.000 0.000 0.001 0.001 0.002 0.000 0.001 0.001 0.002 0.000 0.000 0.000 0.002 0.000 0.002 0.001 0.000 0.000 0.000 0.000 0.002 0.000 0.000 0.001 0.003 0.002 0.007 0.002 0.002 0.000 0.000 0.000 0.000 0.000 0.000 0.001 0.000 0.000 0.001 0.000 0.000 0.008 0.008 0.020 
   13 A 10  2   2 0.539   0.015 0.007 0.000 0.000 0.000 0.000 0.000 0.002 0.004 0.005 0.000 0.000 0.001 0.002 0.006 0.014 0.021 0.015 0.007 0.008 0.000 0.000 0.000 0.002 0.004 0.004 0.012 0.010 0.004 0.000 0.000 0.004 0.015 0.025 0.027 0.035 0.022 0.008 0.002 0.000 0.000 0.006 0.017 0.036 0.050 0.043 0.015 0.003 0.000 0.013 0.031 0.048 0.045 0.056 0.030 0.007 0.002 0.001 0.003 0.024 0.047 0.092 0.111 0.090 0.030 0.006 0.001 0.037 0.074 0.124 0.116 0.088 0.041 0.009 0.003 0.000 0.006 0.034 0.125 0.187 0.224 0.131 0.048 0.012 0.025 0.057 0.131 0.180 0.186 0.114 0.043 0.010 0.002 0.004 0.012 0.064 0.175 0.251 0.201 0.118 0.036 0.014 0.015 0.042 0.094 0.192 0.215 0.119 0.021 0.004 0.000 0.000 0.003 0.053 0.105 0.195 0.120 0.042 0.007 0.000 0.006 0.018 0.048 0.126 0.127 0.069 0.006 0.002 0.001 0.001 0.007 0.006 0.037 0.051 0.027 0.014 0.002 0.000 0.001 0.005 0.011 0.032 0.038 0.019 0.002 0.001 0.001 0.000 0.000 0.000 0.005 0.005 0.002 0.002 0.001 0.000 0.000 0.001 0.003 0.007 0.009 0.001 0.000 0.002 0.000 0.000 0.001 0.002 0.000 0.001 0.000 0.001 0.003 0.000 0.002 0.000 0.000 0.001 0.000 0.002 0.001 0.001 0.004 0.001 0.001 0.001 0.000 0.003 0.004 0.007 0.009 0.006 0.004 0.002 0.000 0.000 0.001 0.000 0.002 0.000 0.004 0.001 0.002 0.000 0.000 0.003 0.014 0.033 0.026 0.017 0.011 0.003 0.003 0.002 0.000 0.002 0.002 0.001 0.000 0.004 0.001 0.000 0.000 0.003 0.015 0.030 0.040 0.019 0.004 0.004 0.003 0.000 0.000 0.000 0.000 0.000 0.000 0.000 0.000 0.000 0.000 0.000 0.015 0.023 0.020 0.004 0.002 0.002 0.000 0.000 0.000 0.001 0.000 0.000 0.000 0.000 0.000 0.000 0.000 0.000 0.000 0.004 0.004 0.002 0.001 0.001 0.000 0.001 0.000 0.003 0.001 0.000 0.000 0.000 0.000 0.000 0.000 0.000 0.000 0.000 0.004 0.000 0.001 0.001 0.001 0.000 0.000 0.000 0.000 0.000 0.000 0.000 0.000 0.000 0.003 0.001 0.002 0.001 0.000 0.000 0.000 0.000 0.000 0.001 0.004 0.000 0.000 0.000 0.000 0.001 0.000 0.000 0.000 0.002 0.003 0.001 0.000 0.000 0.000 0.000 0.001 0.013 0.012 0.009 
   14 C 10  2   2 0.624   0.035 0.010 0.005 0.001 0.000 0.000 0.000 0.000 0.002 0.003 0.002 0.001 0.001 0.008 0.007 0.024 0.070 0.059 0.044 0.015 0.007 0.002 0.000 0.003 0.003 0.000 0.004 0.000 0.000 0.002 0.000 0.020 0.026 0.057 0.086 0.084 0.045 0.018 0.010 0.006 0.009 0.011 0.009 0.017 0.028 0.012 0.003 0.006 0.007 0.044 0.066 0.122 0.139 0.093 0.052 0.017 0.011 0.008 0.006 0.026 0.047 0.052 0.079 0.034 0.010 0.006 0.008 0.054 0.086 0.160 0.145 0.085 0.029 0.004 0.003 0.007 0.015 0.039 0.094 0.197 0.176 0.077 0.027 0.006 0.020 0.053 0.126 0.155 0.131 0.088 0.026 0.005 0.001 0.003 0.005 0.048 0.147 0.288 0.250 0.119 0.026 0.010 0.014 0.045 0.094 0.173 0.156 0.070 0.010 0.002 0.002 0.000 0.002 0.043 0.095 0.259 0.161 0.063 0.009 0.002 0.004 0.011 0.067 0.108 0.091 0.049 0.002 0.000 0.000 0.001 0.001 0.006 0.062 0.066 0.046 0.025 0.004 0.000 0.003 0.008 0.023 0.035 0.043 0.020 0.000 0.000 0.000 0.002 0.000 0.003 0.008 0.007 0.008 0.004 0.000 0.000 0.000 0.000 0.000 0.004 0.004 0.000 0.001 0.002 0.000 0.000 0.001 0.000 0.003 0.000 0.002 0.001 0.002 0.003 0.001 0.001 0.001 0.000 0.000 0.000 0.001 0.001 0.001 0.005 0.001 0.000 0.000 0.002 0.002 0.002 0.004 0.006 0.001 0.000 0.000 0.000 0.000 0.001 0.000 0.000 0.001 0.003 0.000 0.000 0.000 0.004 0.003 0.012 0.014 0.014 0.006 0.000 0.000 0.002 0.001 0.001 0.000 0.000 0.000 0.005 0.001 0.000 0.000 0.002 0.010 0.016 0.010 0.006 0.002 0.001 0.002 0.001 0.000 0.000 0.005 0.001 0.000 0.000 0.000 0.003 0.003 0.002 0.007 0.011 0.007 0.008 0.005 0.002 0.001 0.000 0.000 0.004 0.000 0.000 0.000 0.000 0.000 0.000 0.000 0.001 0.001 0.006 0.003 0.003 0.001 0.000 0.000 0.001 0.000 0.003 0.000 0.000 0.000 0.001 0.002 0.000 0.000 0.000 0.000 0.002 0.001 0.000 0.003 0.000 0.001 0.000 0.001 0.005 0.002 0.001 0.001 0.001 0.003 0.000 0.003 0.000 0.000 0.000 0.001 0.004 0.002 0.000 0.000 0.000 0.005 0.004 0.010 0.000 0.002 0.004 0.001 0.002 0.000 0.000 0.000 0.001 0.001 0.001 0.002 0.001 0.000 0.008 0.015 0.027 
   15 S 10  2   2 0.665   0.024 0.010 0.000 0.000 0.001 0.000 0.001 0.002 0.004 0.008 0.003 0.001 0.003 0.005 0.008 0.019 0.042 0.030 0.028 0.016 0.000 0.002 0.000 0.001 0.004 0.008 0.024 0.028 0.018 0.010 0.007 0.010 0.033 0.037 0.073 0.067 0.035 0.009 0.002 0.000 0.000 0.003 0.013 0.043 0.077 0.091 0.058 0.021 0.018 0.018 0.033 0.053 0.080 0.090 0.037 0.003 0.003 0.001 0.001 0.017 0.032 0.106 0.123 0.149 0.091 0.038 0.015 0.045 0.049 0.083 0.097 0.086 0.035 0.007 0.004 0.000 0.002 0.029 0.115 0.198 0.234 0.169 0.095 0.031 0.025 0.040 0.055 0.099 0.099 0.080 0.024 0.005 0.002 0.004 0.012 0.063 0.162 0.261 0.257 0.151 0.052 0.019 0.016 0.031 0.030 0.089 0.131 0.064 0.014 0.003 0.000 0.002 0.000 0.052 0.107 0.201 0.157 0.058 0.014 0.001 0.004 0.007 0.019 0.062 0.063 0.041 0.004 0.002 0.001 0.003 0.005 0.005 0.053 0.050 0.046 0.012 0.002 0.000 0.002 0.004 0.002 0.014 0.023 0.011 0.001 0.000 0.001 0.000 0.003 0.002 0.010 0.007 0.004 0.001 0.000 0.001 0.001 0.000 0.002 0.006 0.006 0.001 0.000 0.002 0.001 0.001 0.001 0.003 0.000 0.001 0.003 0.002 0.003 0.004 0.004 0.002 0.000 0.000 0.000 0.000 0.002 0.001 0.003 0.000 0.000 0.001 0.000 0.002 0.000 0.001 0.008 0.017 0.014 0.007 0.001 0.000 0.001 0.000 0.000 0.000 0.005 0.000 0.002 0.000 0.001 0.004 0.004 0.028 0.021 0.033 0.026 0.009 0.003 0.002 0.000 0.000 0.000 0.002 0.000 0.003 0.000 0.000 0.000 0.001 0.011 0.007 0.019 0.018 0.015 0.009 0.003 0.001 0.000 0.000 0.000 0.000 0.000 0.002 0.000 0.001 0.000 0.000 0.003 0.011 0.007 0.005 0.003 0.004 0.002 0.000 0.000 0.000 0.000 0.000 0.000 0.000 0.000 0.000 0.000 0.000 0.000 0.000 0.000 0.004 0.001 0.000 0.000 0.000 0.000 0.002 0.000 0.000 0.000 0.000 0.002 0.000 0.000 0.000 0.000 0.000 0.002 0.000 0.001 0.001 0.002 0.000 0.001 0.000 0.003 0.003 0.000 0.000 0.000 0.000 0.003 0.000 0.000 0.002 0.000 0.000 0.000 0.000 0.000 0.001 0.002 0.002 0.003 0.001 0.000 0.000 0.000 0.000 0.001 0.001 0.002 0.000 0.000 0.000 0.001 0.000 0.000 0.005 0.007 0.015 
   16 C 10  2   2 0.666   0.025 0.006 0.003 0.001 0.001 0.002 0.000 0.000 0.003 0.002 0.005 0.003 0.000 0.006 0.008 0.017 0.050 0.047 0.030 0.014 0.006 0.003 0.001 0.001 0.001 0.000 0.000 0.000 0.000 0.003 0.000 0.015 0.026 0.041 0.066 0.087 0.046 0.015 0.011 0.008 0.009 0.011 0.007 0.015 0.010 0.002 0.000 0.007 0.004 0.033 0.059 0.118 0.146 0.083 0.036 0.013 0.012 0.010 0.006 0.025 0.043 0.053 0.047 0.015 0.010 0.009 0.014 0.053 0.070 0.143 0.131 0.079 0.021 0.001 0.004 0.008 0.013 0.045 0.090 0.206 0.202 0.077 0.022 0.005 0.014 0.047 0.103 0.150 0.146 0.087 0.021 0.002 0.000 0.003 0.015 0.050 0.129 0.326 0.268 0.131 0.026 0.008 0.014 0.040 0.093 0.163 0.164 0.072 0.009 0.003 0.000 0.003 0.000 0.021 0.106 0.236 0.195 0.066 0.010 0.000 0.007 0.017 0.059 0.098 0.094 0.059 0.005 0.000 0.000 0.001 0.000 0.008 0.043 0.075 0.058 0.028 0.003 0.000 0.002 0.008 0.027 0.032 0.041 0.015 0.000 0.000 0.000 0.000 0.000 0.000 0.007 0.007 0.010 0.005 0.000 0.000 0.000 0.001 0.002 0.008 0.005 0.001 0.000 0.001 0.000 0.000 0.003 0.002 0.001 0.000 0.002 0.001 0.003 0.001 0.001 0.000 0.000 0.000 0.000 0.000 0.001 0.001 0.005 0.004 0.002 0.001 0.000 0.002 0.002 0.003 0.002 0.012 0.001 0.001 0.000 0.000 0.000 0.001 0.000 0.000 0.006 0.003 0.001 0.000 0.000 0.001 0.002 0.015 0.015 0.017 0.009 0.002 0.000 0.002 0.001 0.002 0.000 0.000 0.000 0.006 0.000 0.000 0.000 0.002 0.004 0.016 0.012 0.014 0.005 0.000 0.001 0.001 0.000 0.000 0.007 0.000 0.000 0.002 0.000 0.001 0.001 0.000 0.009 0.002 0.007 0.010 0.005 0.003 0.003 0.000 0.000 0.003 0.000 0.001 0.000 0.000 0.000 0.000 0.000 0.000 0.000 0.009 0.004 0.003 0.000 0.001 0.002 0.001 0.000 0.006 0.000 0.000 0.000 0.001 0.001 0.000 0.000 0.000 0.000 0.003 0.002 0.000 0.002 0.000 0.001 0.000 0.000 0.005 0.001 0.002 0.000 0.001 0.003 0.001 0.001 0.000 0.001 0.000 0.003 0.004 0.002 0.000 0.000 0.000 0.004 0.000 0.004 0.000 0.001 0.003 0.002 0.002 0.000 0.000 0.000 0.000 0.000 0.002 0.003 0.002 0.003 0.005 0.009 0.022 
   17 A 10  2   2 0.676   0.027 0.008 0.001 0.000 0.002 0.001 0.000 0.000 0.004 0.004 0.002 0.003 0.005 0.001 0.000 0.000 0.015 0.011 0.018 0.008 0.001 0.003 0.000 0.000 0.004 0.005 0.001 0.006 0.006 0.003 0.005 0.004 0.017 0.000 0.033 0.057 0.039 0.010 0.000 0.000 0.000 0.006 0.008 0.032 0.045 0.045 0.018 0.008 0.009 0.023 0.014 0.035 0.064 0.069 0.042 0.012 0.001 0.000 0.001 0.019 0.054 0.090 0.093 0.074 0.035 0.008 0.012 0.045 0.046 0.091 0.086 0.088 0.039 0.003 0.001 0.000 0.004 0.042 0.133 0.243 0.274 0.177 0.061 0.006 0.023 0.027 0.075 0.135 0.141 0.087 0.035 0.002 0.003 0.005 0.022 0.104 0.217 0.360 0.288 0.169 0.038 0.015 0.023 0.029 0.039 0.148 0.173 0.079 0.000 0.004 0.000 0.000 0.020 0.028 0.145 0.211 0.193 0.069 0.015 0.003 0.006 0.007 0.016 0.111 0.089 0.060 0.007 0.001 0.000 0.001 0.000 0.008 0.049 0.076 0.062 0.014 0.004 0.002 0.000 0.002 0.014 0.024 0.030 0.017 0.001 0.001 0.001 0.000 0.000 0.001 0.012 0.008 0.010 0.001 0.000 0.000 0.000 0.000 0.003 0.012 0.006 0.001 0.000 0.004 0.004 0.000 0.003 0.004 0.000 0.001 0.002 0.001 0.002 0.000 0.000 0.001 0.000 0.000 0.000 0.000 0.001 0.001 0.002 0.000 0.000 0.001 0.001 0.002 0.002 0.004 0.002 0.000 0.003 0.000 0.000 0.000 0.000 0.000 0.000 0.000 0.000 0.003 0.000 0.000 0.001 0.005 0.003 0.017 0.011 0.010 0.004 0.003 0.002 0.000 0.000 0.001 0.000 0.003 0.000 0.001 0.000 0.000 0.000 0.000 0.000 0.000 0.000 0.007 0.007 0.007 0.000 0.000 0.000 0.000 0.003 0.000 0.000 0.005 0.005 0.002 0.000 0.002 0.000 0.002 0.000 0.007 0.001 0.004 0.003 0.000 0.000 0.002 0.000 0.000 0.001 0.013 0.013 0.005 0.000 0.000 0.000 0.000 0.000 0.000 0.002 0.003 0.002 0.002 0.000 0.002 0.003 0.000 0.000 0.010 0.015 0.004 0.003 0.000 0.000 0.000 0.000 0.002 0.000 0.004 0.005 0.000 0.000 0.000 0.002 0.001 0.000 0.005 0.006 0.005 0.004 0.001 0.001 0.000 0.000 0.001 0.000 0.002 0.000 0.000 0.000 0.000 0.001 0.003 0.001 0.002 0.003 0.000 0.002 0.000 0.000 0.000 0.000 0.000 0.003 0.000 0.002 0.001 0.000 0.024 
   18 C  8  2   2 0.534   0.048 0.024 0.001 0.000 0.000 0.000 0.002 0.001 0.001 0.006 0.000 0.000 0.000 0.000 0.017 0.072 0.041 0.025 0.079 0.009 0.000 0.003 0.007 0.000 0.003 0.005 0.003 0.012 0.007 0.000 0.000 0.000 0.001 0.082 0.090 0.095 0.079 0.001 0.019 0.000 0.008 0.018 0.022 0.060 0.003 0.014 0.043 0.013 0.000 0.000 0.000 0.228 0.058 0.084 0.050 0.021 0.006 0.004 0.009 0.001 0.016 0.064 0.134 0.087 0.094 0.036 0.000 0.000 0.000 0.000 0.099 0.021 0.033 0.038 0.004 0.007 0.000 0.062 0.000 0.136 0.335 0.176 0.138 0.024 0.000 0.000 0.016 0.118 0.164 0.089 0.058 0.014 0.000 0.005 0.002 0.000 0.006 0.325 0.212 0.176 0.064 0.005 0.009 0.053 0.129 0.157 0.234 0.122 0.071 0.030 0.000 0.009 0.020 0.095 0.074 0.065 0.128 0.127 0.033 0.011 0.000 0.014 0.109 0.292 0.286 0.143 0.021 0.006 0.000 0.006 0.029 0.026 0.006 0.092 0.082 0.016 0.001 0.009 0.003 0.000 0.020 0.095 0.111 0.059 0.002 0.000 0.000 0.004 0.014 0.003 0.014 0.043 0.036 0.004 0.001 0.005 0.001 0.009 0.000 0.029 0.029 0.005 0.002 0.000 0.008 0.000 0.004 0.000 0.000 0.003 0.000 0.000 0.016 0.007 0.000 0.000 0.010 0.000 0.004 0.000 0.000 0.008 0.004 0.001 0.000 0.002 0.003 0.005 0.007 0.009 0.000 0.001 0.000 0.006 0.006 0.004 0.000 0.002 0.000 0.003 0.000 0.011 0.002 0.005 0.000 0.000 0.000 0.035 0.000 0.000 0.000 0.000 0.000 0.000 0.000 0.000 0.000 0.000 0.012 0.008 0.007 0.000 0.013 0.013 0.022 0.021 0.034 0.000 0.001 0.000 0.009 0.002 0.000 0.012 0.023 0.000 0.005 0.000 0.012 0.000 0.000 0.000 0.000 0.000 0.020 0.016 0.017 0.000 0.007 0.004 0.000 0.000 0.000 0.003 0.004 0.000 0.000 0.002 0.001 0.000 0.021 0.003 0.000 0.000 0.000 0.000 0.004 0.001 0.008 0.005 0.002 0.001 0.003 0.005 0.000 0.004 0.004 0.006 0.000 0.022 0.007 0.002 0.000 0.000 0.002 0.000 0.010 0.000 0.009 0.003 0.000 0.007 0.000 0.000 0.005 0.002 0.003 0.000 0.000 0.000 0.003 0.000 0.000 0.004 0.000 0.000 0.022 0.029 0.012 0.005 0.008 0.002 0.000 0.010 0.006 0.001 0.000 0.000 0.000 0.000 0.008 0.004 0.008 0.037 
